00[3]:[9.64479e+07, 0, 0 ][3]:[0.0964479, 0, 0 ][3]:[9.64479e-11, 0, 0 ]
11e-09[3]:[9.64479e+07, 0, 0 ][3]:[0.192896, 0, 0 ][3]:[2.89344e-10, 0, 0 ]
22e-09[3]:[9.64479e+07, 0, 0 ][3]:[0.289344, 0, 0 ][3]:[5.78688e-10, 0, 0 ]
33e-09[3]:[9.64479e+07, 0, 0 ][3]:[0.385792, 0, 0 ][3]:[9.64479e-10, 0, 0 ]
44e-09[3]:[9.64479e+07, 0, 0 ][3]:[0.48224, 0, 0 ][3]:[1.44672e-09, 0, 0 ]
55e-09[3]:[9.64479e+07, 0, 0 ][3]:[0.578688, 0, 0 ][3]:[2.02541e-09, 0, 0 ]
66e-09[3]:[9.64479e+07, 0, 0 ][3]:[0.675135, 0, 0 ][3]:[2.70054e-09, 0, 0 ]
77e-09[3]:[9.64479e+07, 0, 0 ][3]:[0.771583, 0, 0 ][3]:[3.47213e-09, 0, 0 ]
88e-09[3]:[9.64479e+07, 0, 0 ][3]:[0.868031, 0, 0 ][3]:[4.34016e-09, 0, 0 ]
99e-09[3]:[9.64479e+07, 0, 0 ][3]:[0.964479, 0, 0 ][3]:[5.30464e-09, 0, 0 ]
101e-08[3]:[9.64479e+07, 0, 0 ][3]:[1.06093, 0, 0 ][3]:[6.36556e-09, 0, 0 ]
111.1e-08[3]:[9.64479e+07, 0, 0 ][3]:[1.15738, 0, 0 ][3]:[7.52294e-09, 0, 0 ]
121.2e-08[3]:[9.64479e+07, 0, 0 ][3]:[1.25382, 0, 0 ][3]:[8.77676e-09, 0, 0 ]
131.3e-08[3]:[9.64479e+07, 0, 0 ][3]:[1.35027, 0, 0 ][3]:[1.0127e-08, 0, 0 ]
141.4e-08[3]:[9.64479e+07, 0, 0 ][3]:[1.44672, 0, 0 ][3]:[1.15738e-08, 0, 0 ]
151.5e-08[3]:[9.64479e+07, 0, 0 ][3]:[1.54317, 0, 0 ][3]:[1.31169e-08, 0, 0 ]
161.6e-08[3]:[9.64479e+07, 0, 0 ][3]:[1.63961, 0, 0 ][3]:[1.47565e-08, 0, 0 ]
171.7e-08[3]:[9.64479e+07, 0, 0 ][3]:[1.73606, 0, 0 ][3]:[1.64926e-08, 0, 0 ]
181.8e-08[3]:[9.64479e+07, 0, 0 ][3]:[1.83251, 0, 0 ][3]:[1.83251e-08, 0, 0 ]
191.9e-08[3]:[9.64479e+07, 0, 0 ][3]:[1.92896, 0, 0 ][3]:[2.02541e-08, 0, 0 ]
202e-08[3]:[9.64479e+07, 0, 0 ][3]:[2.02541, 0, 0 ][3]:[2.22795e-08, 0, 0 ]
212.1e-08[3]:[9.64479e+07, 0, 0 ][3]:[2.12185, 0, 0 ][3]:[2.44013e-08, 0, 0 ]
222.2e-08[3]:[9.64479e+07, 0, 0 ][3]:[2.2183, 0, 0 ][3]:[2.66196e-08, 0, 0 ]
232.3e-08[3]:[9.64479e+07, 0, 0 ][3]:[2.31475, 0, 0 ][3]:[2.89344e-08, 0, 0 ]
242.4e-08[3]:[9.64479e+07, 0, 0 ][3]:[2.4112, 0, 0 ][3]:[3.13456e-08, 0, 0 ]
252.5e-08[3]:[9.64479e+07, 0, 0 ][3]:[2.50765, 0, 0 ][3]:[3.38532e-08, 0, 0 ]
262.6e-08[3]:[9.64479e+07, 0, 0 ][3]:[2.60409, 0, 0 ][3]:[3.64573e-08, 0, 0 ]
272.7e-08[3]:[9.64479e+07, 0, 0 ][3]:[2.70054, 0, 0 ][3]:[3.91579e-08, 0, 0 ]
282.8e-08[3]:[9.64479e+07, 0, 0 ][3]:[2.79699, 0, 0 ][3]:[4.19548e-08, 0, 0 ]
292.9e-08[3]:[9.64479e+07, 0, 0 ][3]:[2.89344, 0, 0 ][3]:[4.48483e-08, 0, 0 ]
303e-08[3]:[9.64479e+07, 0, 0 ][3]:[2.98989, 0, 0 ][3]:[4.78382e-08, 0, 0 ]
313.1e-08[3]:[9.64479e+07, 0, 0 ][3]:[3.08633, 0, 0 ][3]:[5.09245e-08, 0, 0 ]
323.2e-08[3]:[9.64479e+07, 0, 0 ][3]:[3.18278, 0, 0 ][3]:[5.41073e-08, 0, 0 ]
333.3e-08[3]:[9.64479e+07, 0, 0 ][3]:[3.27923, 0, 0 ][3]:[5.73865e-08, 0, 0 ]
343.4e-08[3]:[9.64479e+07, 0, 0 ][3]:[3.37568, 0, 0 ][3]:[6.07622e-08, 0, 0 ]
353.5e-08[3]:[9.64479e+07, 0, 0 ][3]:[3.47213, 0, 0 ][3]:[6.42343e-08, 0, 0 ]
363.6e-08[3]:[9.64479e+07, 0, 0 ][3]:[3.56857, 0, 0 ][3]:[6.78029e-08, 0, 0 ]
373.7e-08[3]:[9.64479e+07, 0, 0 ][3]:[3.66502, 0, 0 ][3]:[7.14679e-08, 0, 0 ]
383.8e-08[3]:[9.64479e+07, 0, 0 ][3]:[3.76147, 0, 0 ][3]:[7.52294e-08, 0, 0 ]
393.9e-08[3]:[9.64479e+07, 0, 0 ][3]:[3.85792, 0, 0 ][3]:[7.90873e-08, 0, 0 ]
404e-08[3]:[9.64479e+07, 0, 0 ][3]:[3.95436, 0, 0 ][3]:[8.30417e-08, 0, 0 ]
414.1e-08[3]:[9.64479e+07, 0, 0 ][3]:[4.05081, 0, 0 ][3]:[8.70925e-08, 0, 0 ]
424.2e-08[3]:[9.64479e+07, 0, 0 ][3]:[4.14726, 0, 0 ][3]:[9.12397e-08, 0, 0 ]
434.3e-08[3]:[9.64479e+07, 0, 0 ][3]:[4.24371, 0, 0 ][3]:[9.54834e-08, 0, 0 ]
444.4e-08[3]:[9.64479e+07, 0, 0 ][3]:[4.34016, 0, 0 ][3]:[9.98236e-08, 0, 0 ]
454.5e-08[3]:[9.64479e+07, 0, 0 ][3]:[4.4366, 0, 0 ][3]:[1.0426e-07, 0, 0 ]
464.6e-08[3]:[9.64479e+07, 0, 0 ][3]:[4.53305, 0, 0 ][3]:[1.08793e-07, 0, 0 ]
474.7e-08[3]:[9.64479e+07, 0, 0 ][3]:[4.6295, 0, 0 ][3]:[1.13423e-07, 0, 0 ]
484.8e-08[3]:[9.64479e+07, 0, 0 ][3]:[4.72595, 0, 0 ][3]:[1.18149e-07, 0, 0 ]
494.9e-08[3]:[9.64479e+07, 0, 0 ][3]:[4.8224, 0, 0 ][3]:[1.22971e-07, 0, 0 ]
505e-08[3]:[9.64479e+07, 0, 0 ][3]:[4.91884, 0, 0 ][3]:[1.2789e-07, 0, 0 ]
515.1e-08[3]:[9.64479e+07, 0, 0 ][3]:[5.01529, 0, 0 ][3]:[1.32905e-07, 0, 0 ]
525.2e-08[3]:[9.64479e+07, 0, 0 ][3]:[5.11174, 0, 0 ][3]:[1.38017e-07, 0, 0 ]
535.3e-08[3]:[9.64479e+07, 0, 0 ][3]:[5.20819, 0, 0 ][3]:[1.43225e-07, 0, 0 ]
545.4e-08[3]:[9.64479e+07, 0, 0 ][3]:[5.30464, 0, 0 ][3]:[1.4853e-07, 0, 0 ]
555.5e-08[3]:[9.64479e+07, 0, 0 ][3]:[5.40108, 0, 0 ][3]:[1.53931e-07, 0, 0 ]
565.6e-08[3]:[9.64479e+07, 0, 0 ][3]:[5.49753, 0, 0 ][3]:[1.59428e-07, 0, 0 ]
575.7e-08[3]:[9.64479e+07, 0, 0 ][3]:[5.59398, 0, 0 ][3]:[1.65022e-07, 0, 0 ]
585.8e-08[3]:[9.64479e+07, 0, 0 ][3]:[5.69043, 0, 0 ][3]:[1.70713e-07, 0, 0 ]
595.9e-08[3]:[9.64479e+07, 0, 0 ][3]:[5.78688, 0, 0 ][3]:[1.765e-07, 0, 0 ]
606e-08[3]:[9.64479e+07, 0, 0 ][3]:[5.88332, 0, 0 ][3]:[1.82383e-07, 0, 0 ]
616.1e-08[3]:[9.64479e+07, 0, 0 ][3]:[5.97977, 0, 0 ][3]:[1.88363e-07, 0, 0 ]
626.2e-08[3]:[9.64479e+07, 0, 0 ][3]:[6.07622, 0, 0 ][3]:[1.94439e-07, 0, 0 ]
636.3e-08[3]:[9.64479e+07, 0, 0 ][3]:[6.17267, 0, 0 ][3]:[2.00612e-07, 0, 0 ]
646.4e-08[3]:[9.64479e+07, 0, 0 ][3]:[6.26911, 0, 0 ][3]:[2.06881e-07, 0, 0 ]
656.5e-08[3]:[9.64479e+07, 0, 0 ][3]:[6.36556, 0, 0 ][3]:[2.13246e-07, 0, 0 ]
666.6e-08[3]:[9.64479e+07, 0, 0 ][3]:[6.46201, 0, 0 ][3]:[2.19708e-07, 0, 0 ]
676.7e-08[3]:[9.64479e+07, 0, 0 ][3]:[6.55846, 0, 0 ][3]:[2.26267e-07, 0, 0 ]
686.8e-08[3]:[9.64479e+07, 0, 0 ][3]:[6.65491, 0, 0 ][3]:[2.32922e-07, 0, 0 ]
696.9e-08[3]:[9.64479e+07, 0, 0 ][3]:[6.75135, 0, 0 ][3]:[2.39673e-07, 0, 0 ]
707e-08[3]:[9.64479e+07, 0, 0 ][3]:[6.8478, 0, 0 ][3]:[2.46521e-07, 0, 0 ]
717.1e-08[3]:[9.64479e+07, 0, 0 ][3]:[6.94425, 0, 0 ][3]:[2.53465e-07, 0, 0 ]
727.2e-08[3]:[9.64479e+07, 0, 0 ][3]:[7.0407, 0, 0 ][3]:[2.60506e-07, 0, 0 ]
737.3e-08[3]:[9.64479e+07, 0, 0 ][3]:[7.13715, 0, 0 ][3]:[2.67643e-07, 0, 0 ]
747.4e-08[3]:[9.64479e+07, 0, 0 ][3]:[7.23359, 0, 0 ][3]:[2.74877e-07, 0, 0 ]
757.5e-08[3]:[9.64479e+07, 0, 0 ][3]:[7.33004, 0, 0 ][3]:[2.82207e-07, 0, 0 ]
767.6e-08[3]:[9.64479e+07, 0, 0 ][3]:[7.42649, 0, 0 ][3]:[2.89633e-07, 0, 0 ]
777.7e-08[3]:[9.64479e+07, 0, 0 ][3]:[7.52294, 0, 0 ][3]:[2.97156e-07, 0, 0 ]
787.8e-08[3]:[9.64479e+07, 0, 0 ][3]:[7.61939, 0, 0 ][3]:[3.04775e-07, 0, 0 ]
797.9e-08[3]:[9.64479e+07, 0, 0 ][3]:[7.71583, 0, 0 ][3]:[3.12491e-07, 0, 0 ]
808e-08[3]:[9.64479e+07, 0, 0 ][3]:[7.81228, 0, 0 ][3]:[3.20304e-07, 0, 0 ]
818.1e-08[3]:[9.64479e+07, 0, 0 ][3]:[7.90873, 0, 0 ][3]:[3.28212e-07, 0, 0 ]
828.2e-08[3]:[9.64479e+07, 0, 0 ][3]:[8.00518, 0, 0 ][3]:[3.36217e-07, 0, 0 ]
838.3e-08[3]:[9.64479e+07, 0, 0 ][3]:[8.10163, 0, 0 ][3]:[3.44319e-07, 0, 0 ]
848.4e-08[3]:[9.64479e+07, 0, 0 ][3]:[8.19807, 0, 0 ][3]:[3.52517e-07, 0, 0 ]
858.5e-08[3]:[9.64479e+07, 0, 0 ][3]:[8.29452, 0, 0 ][3]:[3.60812e-07, 0, 0 ]
868.6e-08[3]:[9.64479e+07, 0, 0 ][3]:[8.39097, 0, 0 ][3]:[3.69203e-07, 0, 0 ]
878.7e-08[3]:[9.64479e+07, 0, 0 ][3]:[8.48742, 0, 0 ][3]:[3.7769e-07, 0, 0 ]
888.8e-08[3]:[9.64479e+07, 0, 0 ][3]:[8.58387, 0, 0 ][3]:[3.86274e-07, 0, 0 ]
898.9e-08[3]:[9.64479e+07, 0, 0 ][3]:[8.68031, 0, 0 ][3]:[3.94954e-07, 0, 0 ]
909e-08[3]:[9.64479e+07, 0, 0 ][3]:[8.77676, 0, 0 ][3]:[4.03731e-07, 0, 0 ]
919.1e-08[3]:[9.64479e+07, 0, 0 ][3]:[8.87321, 0, 0 ][3]:[4.12604e-07, 0, 0 ]
929.2e-08[3]:[9.64479e+07, 0, 0 ][3]:[8.96966, 0, 0 ][3]:[4.21574e-07, 0, 0 ]
939.3e-08[3]:[9.64479e+07, 0, 0 ][3]:[9.0661, 0, 0 ][3]:[4.3064e-07, 0, 0 ]
949.4e-08[3]:[9.64479e+07, 0, 0 ][3]:[9.16255, 0, 0 ][3]:[4.39803e-07, 0, 0 ]
959.5e-08[3]:[9.64479e+07, 0, 0 ][3]:[9.259, 0, 0 ][3]:[4.49062e-07, 0, 0 ]
969.6e-08[3]:[9.64479e+07, 0, 0 ][3]:[9.35545, 0, 0 ][3]:[4.58417e-07, 0, 0 ]
979.7e-08[3]:[9.64479e+07, 0, 0 ][3]:[9.4519, 0, 0 ][3]:[4.67869e-07, 0, 0 ]
989.8e-08[3]:[9.64479e+07, 0, 0 ][3]:[9.54834, 0, 0 ][3]:[4.77417e-07, 0, 0 ]
999.9e-08[3]:[9.64479e+07, 0, 0 ][3]:[9.64479, 0, 0 ][3]:[4.87062e-07, 0, 0 ]
1001e-07[3]:[9.64479e+07, 0, 0 ][3]:[9.74124, 0, 0 ][3]:[4.96803e-07, 0, 0 ]
1011.01e-07[3]:[9.64479e+07, 0, 0 ][3]:[9.83769, 0, 0 ][3]:[5.06641e-07, 0, 0 ]
1021.02e-07[3]:[9.64479e+07, 0, 0 ][3]:[9.93414, 0, 0 ][3]:[5.16575e-07, 0, 0 ]
1031.03e-07[3]:[9.64479e+07, 0, 0 ][3]:[10.0306, 0, 0 ][3]:[5.26606e-07, 0, 0 ]
1041.04e-07[3]:[9.64479e+07, 0, 0 ][3]:[10.127, 0, 0 ][3]:[5.36733e-07, 0, 0 ]
1051.05e-07[3]:[9.64479e+07, 0, 0 ][3]:[10.2235, 0, 0 ][3]:[5.46956e-07, 0, 0 ]
1061.06e-07[3]:[9.64479e+07, 0, 0 ][3]:[10.3199, 0, 0 ][3]:[5.57276e-07, 0, 0 ]
1071.07e-07[3]:[9.64479e+07, 0, 0 ][3]:[10.4164, 0, 0 ][3]:[5.67692e-07, 0, 0 ]
1081.08e-07[3]:[9.64479e+07, 0, 0 ][3]:[10.5128, 0, 0 ][3]:[5.78205e-07, 0, 0 ]
1091.09e-07[3]:[9.64479e+07, 0, 0 ][3]:[10.6093, 0, 0 ][3]:[5.88815e-07, 0, 0 ]
1101.1e-07[3]:[9.64479e+07, 0, 0 ][3]:[10.7057, 0, 0 ][3]:[5.9952e-07, 0, 0 ]
1111.11e-07[3]:[9.64479e+07, 0, 0 ][3]:[10.8022, 0, 0 ][3]:[6.10322e-07, 0, 0 ]
1121.12e-07[3]:[9.64479e+07, 0, 0 ][3]:[10.8986, 0, 0 ][3]:[6.21221e-07, 0, 0 ]
1131.13e-07[3]:[9.64479e+07, 0, 0 ][3]:[10.9951, 0, 0 ][3]:[6.32216e-07, 0, 0 ]
1141.14e-07[3]:[9.64479e+07, 0, 0 ][3]:[11.0915, 0, 0 ][3]:[6.43308e-07, 0, 0 ]
1151.15e-07[3]:[9.64479e+07, 0, 0 ][3]:[11.188, 0, 0 ][3]:[6.54496e-07, 0, 0 ]
1161.16e-07[3]:[9.64479e+07, 0, 0 ][3]:[11.2844, 0, 0 ][3]:[6.6578e-07, 0, 0 ]
1171.17e-07[3]:[9.64479e+07, 0, 0 ][3]:[11.3809, 0, 0 ][3]:[6.77161e-07, 0, 0 ]
1181.18e-07[3]:[9.64479e+07, 0, 0 ][3]:[11.4773, 0, 0 ][3]:[6.88638e-07, 0, 0 ]
1191.19e-07[3]:[9.64479e+07, 0, 0 ][3]:[11.5738, 0, 0 ][3]:[7.00212e-07, 0, 0 ]
1201.2e-07[3]:[9.64479e+07, 0, 0 ][3]:[11.6702, 0, 0 ][3]:[7.11882e-07, 0, 0 ]
1211.21e-07[3]:[9.64479e+07, 0, 0 ][3]:[11.7666, 0, 0 ][3]:[7.23649e-07, 0, 0 ]
1221.22e-07[3]:[9.64479e+07, 0, 0 ][3]:[11.8631, 0, 0 ][3]:[7.35512e-07, 0, 0 ]
1231.23e-07[3]:[9.64479e+07, 0, 0 ][3]:[11.9595, 0, 0 ][3]:[7.47471e-07, 0, 0 ]
1241.24e-07[3]:[9.64479e+07, 0, 0 ][3]:[12.056, 0, 0 ][3]:[7.59527e-07, 0, 0 ]
1251.25e-07[3]:[9.64479e+07, 0, 0 ][3]:[12.1524, 0, 0 ][3]:[7.7168e-07, 0, 0 ]
1261.26e-07[3]:[9.64479e+07, 0, 0 ][3]:[12.2489, 0, 0 ][3]:[7.83929e-07, 0, 0 ]
1271.27e-07[3]:[9.64479e+07, 0, 0 ][3]:[12.3453, 0, 0 ][3]:[7.96274e-07, 0, 0 ]
1281.28e-07[3]:[9.64479e+07, 0, 0 ][3]:[12.4418, 0, 0 ][3]:[8.08716e-07, 0, 0 ]
1291.29e-07[3]:[9.64479e+07, 0, 0 ][3]:[12.5382, 0, 0 ][3]:[8.21254e-07, 0, 0 ]
1301.3e-07[3]:[9.64479e+07, 0, 0 ][3]:[12.6347, 0, 0 ][3]:[8.33889e-07, 0, 0 ]
1311.31e-07[3]:[9.64479e+07, 0, 0 ][3]:[12.7311, 0, 0 ][3]:[8.4662e-07, 0, 0 ]
1321.32e-07[3]:[9.64479e+07, 0, 0 ][3]:[12.8276, 0, 0 ][3]:[8.59447e-07, 0, 0 ]
1331.33e-07[3]:[9.64479e+07, 0, 0 ][3]:[12.924, 0, 0 ][3]:[8.72371e-07, 0, 0 ]
1341.34e-07[3]:[9.64479e+07, 0, 0 ][3]:[13.0205, 0, 0 ][3]:[8.85392e-07, 0, 0 ]
1351.35e-07[3]:[9.64479e+07, 0, 0 ][3]:[13.1169, 0, 0 ][3]:[8.98509e-07, 0, 0 ]
1361.36e-07[3]:[9.64479e+07, 0, 0 ][3]:[13.2134, 0, 0 ][3]:[9.11722e-07, 0, 0 ]
1371.37e-07[3]:[9.64479e+07, 0, 0 ][3]:[13.3098, 0, 0 ][3]:[9.25032e-07, 0, 0 ]
1381.38e-07[3]:[9.64479e+07, 0, 0 ][3]:[13.4063, 0, 0 ][3]:[9.38438e-07, 0, 0 ]
1391.39e-07[3]:[9.64479e+07, 0, 0 ][3]:[13.5027, 0, 0 ][3]:[9.51941e-07, 0, 0 ]
1401.4e-07[3]:[9.64479e+07, 0, 0 ][3]:[13.5992, 0, 0 ][3]:[9.6554e-07, 0, 0 ]
1411.41e-07[3]:[9.64479e+07, 0, 0 ][3]:[13.6956, 0, 0 ][3]:[9.79236e-07, 0, 0 ]
1421.42e-07[3]:[9.64479e+07, 0, 0 ][3]:[13.7921, 0, 0 ][3]:[9.93028e-07, 0, 0 ]
1431.43e-07[3]:[9.64479e+07, 0, 0 ][3]:[13.8885, 0, 0 ][3]:[1.00692e-06, 0, 0 ]
1441.44e-07[3]:[9.64479e+07, 0, 0 ][3]:[13.9849, 0, 0 ][3]:[1.0209e-06, 0, 0 ]
1451.45e-07[3]:[9.64479e+07, 0, 0 ][3]:[14.0814, 0, 0 ][3]:[1.03498e-06, 0, 0 ]
1461.46e-07[3]:[9.64479e+07, 0, 0 ][3]:[14.1778, 0, 0 ][3]:[1.04916e-06, 0, 0 ]
1471.47e-07[3]:[9.64479e+07, 0, 0 ][3]:[14.2743, 0, 0 ][3]:[1.06343e-06, 0, 0 ]
1481.48e-07[3]:[9.64479e+07, 0, 0 ][3]:[14.3707, 0, 0 ][3]:[1.07781e-06, 0, 0 ]
1491.49e-07[3]:[9.64479e+07, 0, 0 ][3]:[14.4672, 0, 0 ][3]:[1.09227e-06, 0, 0 ]
1501.5e-07[3]:[9.64479e+07, 0, 0 ][3]:[14.5636, 0, 0 ][3]:[1.10684e-06, 0, 0 ]
1511.51e-07[3]:[9.64479e+07, 0, 0 ][3]:[14.6601, 0, 0 ][3]:[1.1215e-06, 0, 0 ]
1521.52e-07[3]:[9.64479e+07, 0, 0 ][3]:[14.7565, 0, 0 ][3]:[1.13625e-06, 0, 0 ]
1531.53e-07[3]:[9.64479e+07, 0, 0 ][3]:[14.853, 0, 0 ][3]:[1.15111e-06, 0, 0 ]
1541.54e-07[3]:[9.64479e+07, 0, 0 ][3]:[14.9494, 0, 0 ][3]:[1.16606e-06, 0, 0 ]
1551.55e-07[3]:[9.64479e+07, 0, 0 ][3]:[15.0459, 0, 0 ][3]:[1.1811e-06, 0, 0 ]
1561.56e-07[3]:[9.64479e+07, 0, 0 ][3]:[15.1423, 0, 0 ][3]:[1.19624e-06, 0, 0 ]
1571.57e-07[3]:[9.64479e+07, 0, 0 ][3]:[15.2388, 0, 0 ][3]:[1.21148e-06, 0, 0 ]
1581.58e-07[3]:[9.64479e+07, 0, 0 ][3]:[15.3352, 0, 0 ][3]:[1.22682e-06, 0, 0 ]
1591.59e-07[3]:[9.64479e+07, 0, 0 ][3]:[15.4317, 0, 0 ][3]:[1.24225e-06, 0, 0 ]
1601.6e-07[3]:[9.64479e+07, 0, 0 ][3]:[15.5281, 0, 0 ][3]:[1.25778e-06, 0, 0 ]
1611.61e-07[3]:[9.64479e+07, 0, 0 ][3]:[15.6246, 0, 0 ][3]:[1.2734e-06, 0, 0 ]
1621.62e-07[3]:[9.64479e+07, 0, 0 ][3]:[15.721, 0, 0 ][3]:[1.28912e-06, 0, 0 ]
1631.63e-07[3]:[9.64479e+07, 0, 0 ][3]:[15.8175, 0, 0 ][3]:[1.30494e-06, 0, 0 ]
1641.64e-07[3]:[9.64479e+07, 0, 0 ][3]:[15.9139, 0, 0 ][3]:[1.32085e-06, 0, 0 ]
1651.65e-07[3]:[9.64479e+07, 0, 0 ][3]:[16.0104, 0, 0 ][3]:[1.33686e-06, 0, 0 ]
1661.66e-07[3]:[9.64479e+07, 0, 0 ][3]:[16.1068, 0, 0 ][3]:[1.35297e-06, 0, 0 ]
1671.67e-07[3]:[9.64479e+07, 0, 0 ][3]:[16.2033, 0, 0 ][3]:[1.36917e-06, 0, 0 ]
1681.68e-07[3]:[9.64479e+07, 0, 0 ][3]:[16.2997, 0, 0 ][3]:[1.38547e-06, 0, 0 ]
1691.69e-07[3]:[9.64479e+07, 0, 0 ][3]:[16.3961, 0, 0 ][3]:[1.40187e-06, 0, 0 ]
1701.7e-07[3]:[9.64479e+07, 0, 0 ][3]:[16.4926, 0, 0 ][3]:[1.41836e-06, 0, 0 ]
1711.71e-07[3]:[9.64479e+07, 0, 0 ][3]:[16.589, 0, 0 ][3]:[1.43495e-06, 0, 0 ]
1721.72e-07[3]:[9.64479e+07, 0, 0 ][3]:[16.6855, 0, 0 ][3]:[1.45164e-06, 0, 0 ]
1731.73e-07[3]:[9.64479e+07, 0, 0 ][3]:[16.7819, 0, 0 ][3]:[1.46842e-06, 0, 0 ]
1741.74e-07[3]:[9.64479e+07, 0, 0 ][3]:[16.8784, 0, 0 ][3]:[1.4853e-06, 0, 0 ]
1751.75e-07[3]:[9.64479e+07, 0, 0 ][3]:[16.9748, 0, 0 ][3]:[1.50227e-06, 0, 0 ]
1761.76e-07[3]:[9.64479e+07, 0, 0 ][3]:[17.0713, 0, 0 ][3]:[1.51934e-06, 0, 0 ]
1771.77e-07[3]:[9.64479e+07, 0, 0 ][3]:[17.1677, 0, 0 ][3]:[1.53651e-06, 0, 0 ]
1781.78e-07[3]:[9.64479e+07, 0, 0 ][3]:[17.2642, 0, 0 ][3]:[1.55378e-06, 0, 0 ]
1791.79e-07[3]:[9.64479e+07, 0, 0 ][3]:[17.3606, 0, 0 ][3]:[1.57114e-06, 0, 0 ]
1801.8e-07[3]:[9.64479e+07, 0, 0 ][3]:[17.4571, 0, 0 ][3]:[1.58859e-06, 0, 0 ]
1811.81e-07[3]:[9.64479e+07, 0, 0 ][3]:[17.5535, 0, 0 ][3]:[1.60615e-06, 0, 0 ]
1821.82e-07[3]:[9.64479e+07, 0, 0 ][3]:[17.65, 0, 0 ][3]:[1.6238e-06, 0, 0 ]
1831.83e-07[3]:[9.64479e+07, 0, 0 ][3]:[17.7464, 0, 0 ][3]:[1.64154e-06, 0, 0 ]
1841.84e-07[3]:[9.64479e+07, 0, 0 ][3]:[17.8429, 0, 0 ][3]:[1.65939e-06, 0, 0 ]
1851.85e-07[3]:[9.64479e+07, 0, 0 ][3]:[17.9393, 0, 0 ][3]:[1.67733e-06, 0, 0 ]
1861.86e-07[3]:[9.64479e+07, 0, 0 ][3]:[18.0358, 0, 0 ][3]:[1.69536e-06, 0, 0 ]
1871.87e-07[3]:[9.64479e+07, 0, 0 ][3]:[18.1322, 0, 0 ][3]:[1.71349e-06, 0, 0 ]
1881.88e-07[3]:[9.64479e+07, 0, 0 ][3]:[18.2287, 0, 0 ][3]:[1.73172e-06, 0, 0 ]
1891.89e-07[3]:[9.64479e+07, 0, 0 ][3]:[18.3251, 0, 0 ][3]:[1.75005e-06, 0, 0 ]
1901.9e-07[3]:[9.64479e+07, 0, 0 ][3]:[18.4216, 0, 0 ][3]:[1.76847e-06, 0, 0 ]
1911.91e-07[3]:[9.64479e+07, 0, 0 ][3]:[18.518, 0, 0 ][3]:[1.78699e-06, 0, 0 ]
1921.92e-07[3]:[9.64479e+07, 0, 0 ][3]:[18.6144, 0, 0 ][3]:[1.8056e-06, 0, 0 ]
1931.93e-07[3]:[9.64479e+07, 0, 0 ][3]:[18.7109, 0, 0 ][3]:[1.82431e-06, 0, 0 ]
1941.94e-07[3]:[9.64479e+07, 0, 0 ][3]:[18.8073, 0, 0 ][3]:[1.84312e-06, 0, 0 ]
1951.95e-07[3]:[9.64479e+07, 0, 0 ][3]:[18.9038, 0, 0 ][3]:[1.86202e-06, 0, 0 ]
1961.96e-07[3]:[9.64479e+07, 0, 0 ][3]:[19.0002, 0, 0 ][3]:[1.88102e-06, 0, 0 ]
1971.97e-07[3]:[9.64479e+07, 0, 0 ][3]:[19.0967, 0, 0 ][3]:[1.90012e-06, 0, 0 ]
1981.98e-07[3]:[9.64479e+07, 0, 0 ][3]:[19.1931, 0, 0 ][3]:[1.91931e-06, 0, 0 ]
1991.99e-07[3]:[9.64479e+07, 0, 0 ][3]:[19.2896, 0, 0 ][3]:[1.9386e-06, 0, 0 ]
2002e-07[3]:[9.64479e+07, 0, 0 ][3]:[19.386, 0, 0 ][3]:[1.95799e-06, 0, 0 ]
2012.01e-07[3]:[9.64479e+07, 0, 0 ][3]:[19.4825, 0, 0 ][3]:[1.97747e-06, 0, 0 ]
2022.02e-07[3]:[9.64479e+07, 0, 0 ][3]:[19.5789, 0, 0 ][3]:[1.99705e-06, 0, 0 ]
2032.03e-07[3]:[9.64479e+07, 0, 0 ][3]:[19.6754, 0, 0 ][3]:[2.01673e-06, 0, 0 ]
2042.04e-07[3]:[9.64479e+07, 0, 0 ][3]:[19.7718, 0, 0 ][3]:[2.0365e-06, 0, 0 ]
2052.05e-07[3]:[9.64479e+07, 0, 0 ][3]:[19.8683, 0, 0 ][3]:[2.05637e-06, 0, 0 ]
2062.06e-07[3]:[9.64479e+07, 0, 0 ][3]:[19.9647, 0, 0 ][3]:[2.07633e-06, 0, 0 ]
2072.07e-07[3]:[9.64479e+07, 0, 0 ][3]:[20.0612, 0, 0 ][3]:[2.09639e-06, 0, 0 ]
2082.08e-07[3]:[9.64479e+07, 0, 0 ][3]:[20.1576, 0, 0 ][3]:[2.11655e-06, 0, 0 ]
2092.09e-07[3]:[9.64479e+07, 0, 0 ][3]:[20.2541, 0, 0 ][3]:[2.1368e-06, 0, 0 ]
2102.1e-07[3]:[9.64479e+07, 0, 0 ][3]:[20.3505, 0, 0 ][3]:[2.15715e-06, 0, 0 ]
2112.11e-07[3]:[9.64479e+07, 0, 0 ][3]:[20.447, 0, 0 ][3]:[2.1776e-06, 0, 0 ]
2122.12e-07[3]:[9.64479e+07, 0, 0 ][3]:[20.5434, 0, 0 ][3]:[2.19814e-06, 0, 0 ]
2132.13e-07[3]:[9.64479e+07, 0, 0 ][3]:[20.6399, 0, 0 ][3]:[2.21878e-06, 0, 0 ]
2142.14e-07[3]:[9.64479e+07, 0, 0 ][3]:[20.7363, 0, 0 ][3]:[2.23952e-06, 0, 0 ]
2152.15e-07[3]:[9.64479e+07, 0, 0 ][3]:[20.8328, 0, 0 ][3]:[2.26035e-06, 0, 0 ]
2162.16e-07[3]:[9.64479e+07, 0, 0 ][3]:[20.9292, 0, 0 ][3]:[2.28128e-06, 0, 0 ]
2172.17e-07[3]:[9.64479e+07, 0, 0 ][3]:[21.0256, 0, 0 ][3]:[2.30231e-06, 0, 0 ]
2182.18e-07[3]:[9.64479e+07, 0, 0 ][3]:[21.1221, 0, 0 ][3]:[2.32343e-06, 0, 0 ]
2192.19e-07[3]:[9.64479e+07, 0, 0 ][3]:[21.2185, 0, 0 ][3]:[2.34465e-06, 0, 0 ]
2202.2e-07[3]:[9.64479e+07, 0, 0 ][3]:[21.315, 0, 0 ][3]:[2.36596e-06, 0, 0 ]
2212.21e-07[3]:[9.64479e+07, 0, 0 ][3]:[21.4114, 0, 0 ][3]:[2.38738e-06, 0, 0 ]
2222.22e-07[3]:[9.64479e+07, 0, 0 ][3]:[21.5079, 0, 0 ][3]:[2.40888e-06, 0, 0 ]
2232.23e-07[3]:[9.64479e+07, 0, 0 ][3]:[21.6043, 0, 0 ][3]:[2.43049e-06, 0, 0 ]
2242.24e-07[3]:[9.64479e+07, 0, 0 ][3]:[21.7008, 0, 0 ][3]:[2.45219e-06, 0, 0 ]
2252.25e-07[3]:[9.64479e+07, 0, 0 ][3]:[21.7972, 0, 0 ][3]:[2.47399e-06, 0, 0 ]
2262.26e-07[3]:[9.64479e+07, 0, 0 ][3]:[21.8937, 0, 0 ][3]:[2.49588e-06, 0, 0 ]
2272.27e-07[3]:[9.64479e+07, 0, 0 ][3]:[21.9901, 0, 0 ][3]:[2.51787e-06, 0, 0 ]
2282.28e-07[3]:[9.64479e+07, 0, 0 ][3]:[22.0866, 0, 0 ][3]:[2.53996e-06, 0, 0 ]
2292.29e-07[3]:[9.64479e+07, 0, 0 ][3]:[22.183, 0, 0 ][3]:[2.56214e-06, 0, 0 ]
2302.3e-07[3]:[9.64479e+07, 0, 0 ][3]:[22.2795, 0, 0 ][3]:[2.58442e-06, 0, 0 ]
2312.31e-07[3]:[9.64479e+07, 0, 0 ][3]:[22.3759, 0, 0 ][3]:[2.60679e-06, 0, 0 ]
2322.32e-07[3]:[9.64479e+07, 0, 0 ][3]:[22.4724, 0, 0 ][3]:[2.62927e-06, 0, 0 ]
2332.33e-07[3]:[9.64479e+07, 0, 0 ][3]:[22.5688, 0, 0 ][3]:[2.65184e-06, 0, 0 ]
2342.34e-07[3]:[9.64479e+07, 0, 0 ][3]:[22.6653, 0, 0 ][3]:[2.6745e-06, 0, 0 ]
2352.35e-07[3]:[9.64479e+07, 0, 0 ][3]:[22.7617, 0, 0 ][3]:[2.69726e-06, 0, 0 ]
2362.36e-07[3]:[9.64479e+07, 0, 0 ][3]:[22.8582, 0, 0 ][3]:[2.72012e-06, 0, 0 ]
2372.37e-07[3]:[9.64479e+07, 0, 0 ][3]:[22.9546, 0, 0 ][3]:[2.74308e-06, 0, 0 ]
2382.38e-07[3]:[9.64479e+07, 0, 0 ][3]:[23.0511, 0, 0 ][3]:[2.76613e-06, 0, 0 ]
2392.39e-07[3]:[9.64479e+07, 0, 0 ][3]:[23.1475, 0, 0 ][3]:[2.78927e-06, 0, 0 ]
2402.4e-07[3]:[9.64479e+07, 0, 0 ][3]:[23.2439, 0, 0 ][3]:[2.81252e-06, 0, 0 ]
2412.41e-07[3]:[9.64479e+07, 0, 0 ][3]:[23.3404, 0, 0 ][3]:[2.83586e-06, 0, 0 ]
2422.42e-07[3]:[9.64479e+07, 0, 0 ][3]:[23.4368, 0, 0 ][3]:[2.8593e-06, 0, 0 ]
2432.43e-07[3]:[9.64479e+07, 0, 0 ][3]:[23.5333, 0, 0 ][3]:[2.88283e-06, 0, 0 ]
2442.44e-07[3]:[9.64479e+07, 0, 0 ][3]:[23.6297, 0, 0 ][3]:[2.90646e-06, 0, 0 ]
2452.45e-07[3]:[9.64479e+07, 0, 0 ][3]:[23.7262, 0, 0 ][3]:[2.93018e-06, 0, 0 ]
2462.46e-07[3]:[9.64479e+07, 0, 0 ][3]:[23.8226, 0, 0 ][3]:[2.95401e-06, 0, 0 ]
2472.47e-07[3]:[9.64479e+07, 0, 0 ][3]:[23.9191, 0, 0 ][3]:[2.97793e-06, 0, 0 ]
2482.48e-07[3]:[9.64479e+07, 0, 0 ][3]:[24.0155, 0, 0 ][3]:[3.00194e-06, 0, 0 ]
2492.49e-07[3]:[9.64479e+07, 0, 0 ][3]:[24.112, 0, 0 ][3]:[3.02605e-06, 0, 0 ]
2502.5e-07[3]:[9.64479e+07, 0, 0 ][3]:[24.2084, 0, 0 ][3]:[3.05026e-06, 0, 0 ]
2512.51e-07[3]:[9.64479e+07, 0, 0 ][3]:[24.3049, 0, 0 ][3]:[3.07457e-06, 0, 0 ]
2522.52e-07[3]:[9.64479e+07, 0, 0 ][3]:[24.4013, 0, 0 ][3]:[3.09897e-06, 0, 0 ]
2532.53e-07[3]:[9.64479e+07, 0, 0 ][3]:[24.4978, 0, 0 ][3]:[3.12347e-06, 0, 0 ]
2542.54e-07[3]:[9.64479e+07, 0, 0 ][3]:[24.5942, 0, 0 ][3]:[3.14806e-06, 0, 0 ]
2552.55e-07[3]:[9.64479e+07, 0, 0 ][3]:[24.6907, 0, 0 ][3]:[3.17275e-06, 0, 0 ]
2562.56e-07[3]:[9.64479e+07, 0, 0 ][3]:[24.7871, 0, 0 ][3]:[3.19754e-06, 0, 0 ]
2572.57e-07[3]:[9.64479e+07, 0, 0 ][3]:[24.8836, 0, 0 ][3]:[3.22242e-06, 0, 0 ]
2582.58e-07[3]:[9.64479e+07, 0, 0 ][3]:[24.98, 0, 0 ][3]:[3.2474e-06, 0, 0 ]
2592.59e-07[3]:[9.64479e+07, 0, 0 ][3]:[25.0765, 0, 0 ][3]:[3.27248e-06, 0, 0 ]
2602.6e-07[3]:[9.64479e+07, 0, 0 ][3]:[25.1729, 0, 0 ][3]:[3.29765e-06, 0, 0 ]
2612.61e-07[3]:[9.64479e+07, 0, 0 ][3]:[25.2694, 0, 0 ][3]:[3.32292e-06, 0, 0 ]
2622.62e-07[3]:[9.64479e+07, 0, 0 ][3]:[25.3658, 0, 0 ][3]:[3.34829e-06, 0, 0 ]
2632.63e-07[3]:[9.64479e+07, 0, 0 ][3]:[25.4623, 0, 0 ][3]:[3.37375e-06, 0, 0 ]
2642.64e-07[3]:[9.64479e+07, 0, 0 ][3]:[25.5587, 0, 0 ][3]:[3.39931e-06, 0, 0 ]
2652.65e-07[3]:[9.64479e+07, 0, 0 ][3]:[25.6551, 0, 0 ][3]:[3.42496e-06, 0, 0 ]
2662.66e-07[3]:[9.64479e+07, 0, 0 ][3]:[25.7516, 0, 0 ][3]:[3.45071e-06, 0, 0 ]
2672.67e-07[3]:[9.64479e+07, 0, 0 ][3]:[25.848, 0, 0 ][3]:[3.47656e-06, 0, 0 ]
2682.68e-07[3]:[9.64479e+07, 0, 0 ][3]:[25.9445, 0, 0 ][3]:[3.50251e-06, 0, 0 ]
2692.69e-07[3]:[9.64479e+07, 0, 0 ][3]:[26.0409, 0, 0 ][3]:[3.52855e-06, 0, 0 ]
2702.7e-07[3]:[9.64479e+07, 0, 0 ][3]:[26.1374, 0, 0 ][3]:[3.55468e-06, 0, 0 ]
2712.71e-07[3]:[9.64479e+07, 0, 0 ][3]:[26.2338, 0, 0 ][3]:[3.58092e-06, 0, 0 ]
2722.72e-07[3]:[9.64479e+07, 0, 0 ][3]:[26.3303, 0, 0 ][3]:[3.60725e-06, 0, 0 ]
2732.73e-07[3]:[9.64479e+07, 0, 0 ][3]:[26.4267, 0, 0 ][3]:[3.63368e-06, 0, 0 ]
2742.74e-07[3]:[9.64479e+07, 0, 0 ][3]:[26.5232, 0, 0 ][3]:[3.6602e-06, 0, 0 ]
2752.75e-07[3]:[9.64479e+07, 0, 0 ][3]:[26.6196, 0, 0 ][3]:[3.68682e-06, 0, 0 ]
2762.76e-07[3]:[9.64479e+07, 0, 0 ][3]:[26.7161, 0, 0 ][3]:[3.71353e-06, 0, 0 ]
2772.77e-07[3]:[9.64479e+07, 0, 0 ][3]:[26.8125, 0, 0 ][3]:[3.74035e-06, 0, 0 ]
2782.78e-07[3]:[9.64479e+07, 0, 0 ][3]:[26.909, 0, 0 ][3]:[3.76726e-06, 0, 0 ]
2792.79e-07[3]:[9.64479e+07, 0, 0 ][3]:[27.0054, 0, 0 ][3]:[3.79426e-06, 0, 0 ]
2802.8e-07[3]:[9.64479e+07, 0, 0 ][3]:[27.1019, 0, 0 ][3]:[3.82136e-06, 0, 0 ]
2812.81e-07[3]:[9.64479e+07, 0, 0 ][3]:[27.1983, 0, 0 ][3]:[3.84856e-06, 0, 0 ]
2822.82e-07[3]:[9.64479e+07, 0, 0 ][3]:[27.2948, 0, 0 ][3]:[3.87586e-06, 0, 0 ]
2832.83e-07[3]:[9.64479e+07, 0, 0 ][3]:[27.3912, 0, 0 ][3]:[3.90325e-06, 0, 0 ]
2842.84e-07[3]:[9.64479e+07, 0, 0 ][3]:[27.4877, 0, 0 ][3]:[3.93074e-06, 0, 0 ]
2852.85e-07[3]:[9.64479e+07, 0, 0 ][3]:[27.5841, 0, 0 ][3]:[3.95832e-06, 0, 0 ]
2862.86e-07[3]:[9.64479e+07, 0, 0 ][3]:[27.6806, 0, 0 ][3]:[3.986e-06, 0, 0 ]
2872.87e-07[3]:[9.64479e+07, 0, 0 ][3]:[27.777, 0, 0 ][3]:[4.01378e-06, 0, 0 ]
2882.88e-07[3]:[9.64479e+07, 0, 0 ][3]:[27.8734, 0, 0 ][3]:[4.04165e-06, 0, 0 ]
2892.89e-07[3]:[9.64479e+07, 0, 0 ][3]:[27.9699, 0, 0 ][3]:[4.06962e-06, 0, 0 ]
2902.9e-07[3]:[9.64479e+07, 0, 0 ][3]:[28.0663, 0, 0 ][3]:[4.09769e-06, 0, 0 ]
2912.91e-07[3]:[9.64479e+07, 0, 0 ][3]:[28.1628, 0, 0 ][3]:[4.12585e-06, 0, 0 ]
2922.92e-07[3]:[9.64479e+07, 0, 0 ][3]:[28.2592, 0, 0 ][3]:[4.15411e-06, 0, 0 ]
2932.93e-07[3]:[9.64479e+07, 0, 0 ][3]:[28.3557, 0, 0 ][3]:[4.18246e-06, 0, 0 ]
2942.94e-07[3]:[9.64479e+07, 0, 0 ][3]:[28.4521, 0, 0 ][3]:[4.21092e-06, 0, 0 ]
2952.95e-07[3]:[9.64479e+07, 0, 0 ][3]:[28.5486, 0, 0 ][3]:[4.23946e-06, 0, 0 ]
2962.96e-07[3]:[9.64479e+07, 0, 0 ][3]:[28.645, 0, 0 ][3]:[4.26811e-06, 0, 0 ]
2972.97e-07[3]:[9.64479e+07, 0, 0 ][3]:[28.7415, 0, 0 ][3]:[4.29685e-06, 0, 0 ]
2982.98e-07[3]:[9.64479e+07, 0, 0 ][3]:[28.8379, 0, 0 ][3]:[4.32569e-06, 0, 0 ]
2992.99e-07[3]:[9.64479e+07, 0, 0 ][3]:[28.9344, 0, 0 ][3]:[4.35462e-06, 0, 0 ]
3003e-07[3]:[9.64479e+07, 0, 0 ][3]:[29.0308, 0, 0 ][3]:[4.38365e-06, 0, 0 ]
3013.01e-07[3]:[9.64479e+07, 0, 0 ][3]:[29.1273, 0, 0 ][3]:[4.41278e-06, 0, 0 ]
3023.02e-07[3]:[9.64479e+07, 0, 0 ][3]:[29.2237, 0, 0 ][3]:[4.44201e-06, 0, 0 ]
3033.03e-07[3]:[9.64479e+07, 0, 0 ][3]:[29.3202, 0, 0 ][3]:[4.47133e-06, 0, 0 ]
3043.04e-07[3]:[9.64479e+07, 0, 0 ][3]:[29.4166, 0, 0 ][3]:[4.50074e-06, 0, 0 ]
3053.05e-07[3]:[9.64479e+07, 0, 0 ][3]:[29.5131, 0, 0 ][3]:[4.53026e-06, 0, 0 ]
3063.06e-07[3]:[9.64479e+07, 0, 0 ][3]:[29.6095, 0, 0 ][3]:[4.55986e-06, 0, 0 ]
3073.07e-07[3]:[9.64479e+07, 0, 0 ][3]:[29.706, 0, 0 ][3]:[4.58957e-06, 0, 0 ]
3083.08e-07[3]:[9.64479e+07, 0, 0 ][3]:[29.8024, 0, 0 ][3]:[4.61937e-06, 0, 0 ]
3093.09e-07[3]:[9.64479e+07, 0, 0 ][3]:[29.8989, 0, 0 ][3]:[4.64927e-06, 0, 0 ]
3103.1e-07[3]:[9.64479e+07, 0, 0 ][3]:[29.9953, 0, 0 ][3]:[4.67927e-06, 0, 0 ]
3113.11e-07[3]:[9.64479e+07, 0, 0 ][3]:[30.0918, 0, 0 ][3]:[4.70936e-06, 0, 0 ]
3123.12e-07[3]:[9.64479e+07, 0, 0 ][3]:[30.1882, 0, 0 ][3]:[4.73955e-06, 0, 0 ]
3133.13e-07[3]:[9.64479e+07, 0, 0 ][3]:[30.2846, 0, 0 ][3]:[4.76983e-06, 0, 0 ]
3143.14e-07[3]:[9.64479e+07, 0, 0 ][3]:[30.3811, 0, 0 ][3]:[4.80021e-06, 0, 0 ]
3153.15e-07[3]:[9.64479e+07, 0, 0 ][3]:[30.4775, 0, 0 ][3]:[4.83069e-06, 0, 0 ]
3163.16e-07[3]:[9.64479e+07, 0, 0 ][3]:[30.574, 0, 0 ][3]:[4.86126e-06, 0, 0 ]
3173.17e-07[3]:[9.64479e+07, 0, 0 ][3]:[30.6704, 0, 0 ][3]:[4.89194e-06, 0, 0 ]
3183.18e-07[3]:[9.64479e+07, 0, 0 ][3]:[30.7669, 0, 0 ][3]:[4.9227e-06, 0, 0 ]
3193.19e-07[3]:[9.64479e+07, 0, 0 ][3]:[30.8633, 0, 0 ][3]:[4.95357e-06, 0, 0 ]
3203.2e-07[3]:[9.64479e+07, 0, 0 ][3]:[30.9598, 0, 0 ][3]:[4.98453e-06, 0, 0 ]
3213.21e-07[3]:[9.64479e+07, 0, 0 ][3]:[31.0562, 0, 0 ][3]:[5.01558e-06, 0, 0 ]
3223.22e-07[3]:[9.64479e+07, 0, 0 ][3]:[31.1527, 0, 0 ][3]:[5.04673e-06, 0, 0 ]
3233.23e-07[3]:[9.64479e+07, 0, 0 ][3]:[31.2491, 0, 0 ][3]:[5.07798e-06, 0, 0 ]
3243.24e-07[3]:[9.64479e+07, 0, 0 ][3]:[31.3456, 0, 0 ][3]:[5.10933e-06, 0, 0 ]
3253.25e-07[3]:[9.64479e+07, 0, 0 ][3]:[31.442, 0, 0 ][3]:[5.14077e-06, 0, 0 ]
3263.26e-07[3]:[9.64479e+07, 0, 0 ][3]:[31.5385, 0, 0 ][3]:[5.17231e-06, 0, 0 ]
3273.27e-07[3]:[9.64479e+07, 0, 0 ][3]:[31.6349, 0, 0 ][3]:[5.20394e-06, 0, 0 ]
3283.28e-07[3]:[9.64479e+07, 0, 0 ][3]:[31.7314, 0, 0 ][3]:[5.23568e-06, 0, 0 ]
3293.29e-07[3]:[9.64479e+07, 0, 0 ][3]:[31.8278, 0, 0 ][3]:[5.2675e-06, 0, 0 ]
3303.3e-07[3]:[9.64479e+07, 0, 0 ][3]:[31.9243, 0, 0 ][3]:[5.29943e-06, 0, 0 ]
3313.31e-07[3]:[9.64479e+07, 0, 0 ][3]:[32.0207, 0, 0 ][3]:[5.33145e-06, 0, 0 ]
3323.32e-07[3]:[9.64479e+07, 0, 0 ][3]:[32.1172, 0, 0 ][3]:[5.36357e-06, 0, 0 ]
3333.33e-07[3]:[9.64479e+07, 0, 0 ][3]:[32.2136, 0, 0 ][3]:[5.39578e-06, 0, 0 ]
3343.34e-07[3]:[9.64479e+07, 0, 0 ][3]:[32.3101, 0, 0 ][3]:[5.42809e-06, 0, 0 ]
3353.35e-07[3]:[9.64479e+07, 0, 0 ][3]:[32.4065, 0, 0 ][3]:[5.4605e-06, 0, 0 ]
3363.36e-07[3]:[9.64479e+07, 0, 0 ][3]:[32.503, 0, 0 ][3]:[5.493e-06, 0, 0 ]
3373.37e-07[3]:[9.64479e+07, 0, 0 ][3]:[32.5994, 0, 0 ][3]:[5.5256e-06, 0, 0 ]
3383.38e-07[3]:[9.64479e+07, 0, 0 ][3]:[32.6958, 0, 0 ][3]:[5.55829e-06, 0, 0 ]
3393.39e-07[3]:[9.64479e+07, 0, 0 ][3]:[32.7923, 0, 0 ][3]:[5.59109e-06, 0, 0 ]
3403.4e-07[3]:[9.64479e+07, 0, 0 ][3]:[32.8887, 0, 0 ][3]:[5.62397e-06, 0, 0 ]
3413.41e-07[3]:[9.64479e+07, 0, 0 ][3]:[32.9852, 0, 0 ][3]:[5.65696e-06, 0, 0 ]
3423.42e-07[3]:[9.64479e+07, 0, 0 ][3]:[33.0816, 0, 0 ][3]:[5.69004e-06, 0, 0 ]
3433.43e-07[3]:[9.64479e+07, 0, 0 ][3]:[33.1781, 0, 0 ][3]:[5.72322e-06, 0, 0 ]
3443.44e-07[3]:[9.64479e+07, 0, 0 ][3]:[33.2745, 0, 0 ][3]:[5.75649e-06, 0, 0 ]
3453.45e-07[3]:[9.64479e+07, 0, 0 ][3]:[33.371, 0, 0 ][3]:[5.78987e-06, 0, 0 ]
3463.46e-07[3]:[9.64479e+07, 0, 0 ][3]:[33.4674, 0, 0 ][3]:[5.82333e-06, 0, 0 ]
3473.47e-07[3]:[9.64479e+07, 0, 0 ][3]:[33.5639, 0, 0 ][3]:[5.8569e-06, 0, 0 ]
3483.48e-07[3]:[9.64479e+07, 0, 0 ][3]:[33.6603, 0, 0 ][3]:[5.89056e-06, 0, 0 ]
3493.49e-07[3]:[9.64479e+07, 0, 0 ][3]:[33.7568, 0, 0 ][3]:[5.92431e-06, 0, 0 ]
3503.5e-07[3]:[9.64479e+07, 0, 0 ][3]:[33.8532, 0, 0 ][3]:[5.95817e-06, 0, 0 ]
3513.51e-07[3]:[9.64479e+07, 0, 0 ][3]:[33.9497, 0, 0 ][3]:[5.99212e-06, 0, 0 ]
3523.52e-07[3]:[9.64479e+07, 0, 0 ][3]:[34.0461, 0, 0 ][3]:[6.02616e-06, 0, 0 ]
3533.53e-07[3]:[9.64479e+07, 0, 0 ][3]:[34.1426, 0, 0 ][3]:[6.06031e-06, 0, 0 ]
3543.54e-07[3]:[9.64479e+07, 0, 0 ][3]:[34.239, 0, 0 ][3]:[6.09454e-06, 0, 0 ]
3553.55e-07[3]:[9.64479e+07, 0, 0 ][3]:[34.3355, 0, 0 ][3]:[6.12888e-06, 0, 0 ]
3563.56e-07[3]:[9.64479e+07, 0, 0 ][3]:[34.4319, 0, 0 ][3]:[6.16331e-06, 0, 0 ]
3573.57e-07[3]:[9.64479e+07, 0, 0 ][3]:[34.5284, 0, 0 ][3]:[6.19784e-06, 0, 0 ]
3583.58e-07[3]:[9.64479e+07, 0, 0 ][3]:[34.6248, 0, 0 ][3]:[6.23246e-06, 0, 0 ]
3593.59e-07[3]:[9.64479e+07, 0, 0 ][3]:[34.7213, 0, 0 ][3]:[6.26719e-06, 0, 0 ]
3603.6e-07[3]:[9.64479e+07, 0, 0 ][3]:[34.8177, 0, 0 ][3]:[6.302e-06, 0, 0 ]
3613.61e-07[3]:[9.64479e+07, 0, 0 ][3]:[34.9141, 0, 0 ][3]:[6.33692e-06, 0, 0 ]
3623.62e-07[3]:[9.64479e+07, 0, 0 ][3]:[35.0106, 0, 0 ][3]:[6.37193e-06, 0, 0 ]
3633.63e-07[3]:[9.64479e+07, 0, 0 ][3]:[35.107, 0, 0 ][3]:[6.40704e-06, 0, 0 ]
3643.64e-07[3]:[9.64479e+07, 0, 0 ][3]:[35.2035, 0, 0 ][3]:[6.44224e-06, 0, 0 ]
3653.65e-07[3]:[9.64479e+07, 0, 0 ][3]:[35.2999, 0, 0 ][3]:[6.47754e-06, 0, 0 ]
3663.66e-07[3]:[9.64479e+07, 0, 0 ][3]:[35.3964, 0, 0 ][3]:[6.51294e-06, 0, 0 ]
3673.67e-07[3]:[9.64479e+07, 0, 0 ][3]:[35.4928, 0, 0 ][3]:[6.54843e-06, 0, 0 ]
3683.68e-07[3]:[9.64479e+07, 0, 0 ][3]:[35.5893, 0, 0 ][3]:[6.58402e-06, 0, 0 ]
3693.69e-07[3]:[9.64479e+07, 0, 0 ][3]:[35.6857, 0, 0 ][3]:[6.6197e-06, 0, 0 ]
3703.7e-07[3]:[9.64479e+07, 0, 0 ][3]:[35.7822, 0, 0 ][3]:[6.65549e-06, 0, 0 ]
3713.71e-07[3]:[9.64479e+07, 0, 0 ][3]:[35.8786, 0, 0 ][3]:[6.69136e-06, 0, 0 ]
3723.72e-07[3]:[9.64479e+07, 0, 0 ][3]:[35.9751, 0, 0 ][3]:[6.72734e-06, 0, 0 ]
3733.73e-07[3]:[9.64479e+07, 0, 0 ][3]:[36.0715, 0, 0 ][3]:[6.76341e-06, 0, 0 ]
3743.74e-07[3]:[9.64479e+07, 0, 0 ][3]:[36.168, 0, 0 ][3]:[6.79958e-06, 0, 0 ]
3753.75e-07[3]:[9.64479e+07, 0, 0 ][3]:[36.2644, 0, 0 ][3]:[6.83584e-06, 0, 0 ]
3763.76e-07[3]:[9.64479e+07, 0, 0 ][3]:[36.3609, 0, 0 ][3]:[6.8722e-06, 0, 0 ]
3773.77e-07[3]:[9.64479e+07, 0, 0 ][3]:[36.4573, 0, 0 ][3]:[6.90866e-06, 0, 0 ]
3783.78e-07[3]:[9.64479e+07, 0, 0 ][3]:[36.5538, 0, 0 ][3]:[6.94521e-06, 0, 0 ]
3793.79e-07[3]:[9.64479e+07, 0, 0 ][3]:[36.6502, 0, 0 ][3]:[6.98187e-06, 0, 0 ]
3803.8e-07[3]:[9.64479e+07, 0, 0 ][3]:[36.7467, 0, 0 ][3]:[7.01861e-06, 0, 0 ]
3813.81e-07[3]:[9.64479e+07, 0, 0 ][3]:[36.8431, 0, 0 ][3]:[7.05545e-06, 0, 0 ]
3823.82e-07[3]:[9.64479e+07, 0, 0 ][3]:[36.9396, 0, 0 ][3]:[7.09239e-06, 0, 0 ]
3833.83e-07[3]:[9.64479e+07, 0, 0 ][3]:[37.036, 0, 0 ][3]:[7.12943e-06, 0, 0 ]
3843.84e-07[3]:[9.64479e+07, 0, 0 ][3]:[37.1325, 0, 0 ][3]:[7.16656e-06, 0, 0 ]
3853.85e-07[3]:[9.64479e+07, 0, 0 ][3]:[37.2289, 0, 0 ][3]:[7.20379e-06, 0, 0 ]
3863.86e-07[3]:[9.64479e+07, 0, 0 ][3]:[37.3253, 0, 0 ][3]:[7.24112e-06, 0, 0 ]
3873.87e-07[3]:[9.64479e+07, 0, 0 ][3]:[37.4218, 0, 0 ][3]:[7.27854e-06, 0, 0 ]
3883.88e-07[3]:[9.64479e+07, 0, 0 ][3]:[37.5182, 0, 0 ][3]:[7.31606e-06, 0, 0 ]
3893.89e-07[3]:[9.64479e+07, 0, 0 ][3]:[37.6147, 0, 0 ][3]:[7.35367e-06, 0, 0 ]
3903.9e-07[3]:[9.64479e+07, 0, 0 ][3]:[37.7111, 0, 0 ][3]:[7.39138e-06, 0, 0 ]
3913.91e-07[3]:[9.64479e+07, 0, 0 ][3]:[37.8076, 0, 0 ][3]:[7.42919e-06, 0, 0 ]
3923.92e-07[3]:[9.64479e+07, 0, 0 ][3]:[37.904, 0, 0 ][3]:[7.46709e-06, 0, 0 ]
3933.93e-07[3]:[9.64479e+07, 0, 0 ][3]:[38.0005, 0, 0 ][3]:[7.5051e-06, 0, 0 ]
3943.94e-07[3]:[9.64479e+07, 0, 0 ][3]:[38.0969, 0, 0 ][3]:[7.54319e-06, 0, 0 ]
3953.95e-07[3]:[9.64479e+07, 0, 0 ][3]:[38.1934, 0, 0 ][3]:[7.58139e-06, 0, 0 ]
3963.96e-07[3]:[9.64479e+07, 0, 0 ][3]:[38.2898, 0, 0 ][3]:[7.61968e-06, 0, 0 ]
3973.97e-07[3]:[9.64479e+07, 0, 0 ][3]:[38.3863, 0, 0 ][3]:[7.65806e-06, 0, 0 ]
3983.98e-07[3]:[9.64479e+07, 0, 0 ][3]:[38.4827, 0, 0 ][3]:[7.69654e-06, 0, 0 ]
3993.99e-07[3]:[9.64479e+07, 0, 0 ][3]:[38.5792, 0, 0 ][3]:[7.73512e-06, 0, 0 ]
4004e-07[3]:[9.64479e+07, 0, 0 ][3]:[38.6756, 0, 0 ][3]:[7.7738e-06, 0, 0 ]
4014.01e-07[3]:[9.64479e+07, 0, 0 ][3]:[38.7721, 0, 0 ][3]:[7.81257e-06, 0, 0 ]
4024.02e-07[3]:[9.64479e+07, 0, 0 ][3]:[38.8685, 0, 0 ][3]:[7.85144e-06, 0, 0 ]
4034.03e-07[3]:[9.64479e+07, 0, 0 ][3]:[38.965, 0, 0 ][3]:[7.8904e-06, 0, 0 ]
4044.04e-07[3]:[9.64479e+07, 0, 0 ][3]:[39.0614, 0, 0 ][3]:[7.92947e-06, 0, 0 ]
4054.05e-07[3]:[9.64479e+07, 0, 0 ][3]:[39.1579, 0, 0 ][3]:[7.96862e-06, 0, 0 ]
4064.06e-07[3]:[9.64479e+07, 0, 0 ][3]:[39.2543, 0, 0 ][3]:[8.00788e-06, 0, 0 ]
4074.07e-07[3]:[9.64479e+07, 0, 0 ][3]:[39.3508, 0, 0 ][3]:[8.04723e-06, 0, 0 ]
4084.08e-07[3]:[9.64479e+07, 0, 0 ][3]:[39.4472, 0, 0 ][3]:[8.08668e-06, 0, 0 ]
4094.09e-07[3]:[9.64479e+07, 0, 0 ][3]:[39.5436, 0, 0 ][3]:[8.12622e-06, 0, 0 ]
4104.1e-07[3]:[9.64479e+07, 0, 0 ][3]:[39.6401, 0, 0 ][3]:[8.16586e-06, 0, 0 ]
4114.11e-07[3]:[9.64479e+07, 0, 0 ][3]:[39.7365, 0, 0 ][3]:[8.2056e-06, 0, 0 ]
4124.12e-07[3]:[9.64479e+07, 0, 0 ][3]:[39.833, 0, 0 ][3]:[8.24543e-06, 0, 0 ]
4134.13e-07[3]:[9.64479e+07, 0, 0 ][3]:[39.9294, 0, 0 ][3]:[8.28536e-06, 0, 0 ]
4144.14e-07[3]:[9.64479e+07, 0, 0 ][3]:[40.0259, 0, 0 ][3]:[8.32538e-06, 0, 0 ]
4154.15e-07[3]:[9.64479e+07, 0, 0 ][3]:[40.1223, 0, 0 ][3]:[8.36551e-06, 0, 0 ]
4164.16e-07[3]:[9.64479e+07, 0, 0 ][3]:[40.2188, 0, 0 ][3]:[8.40573e-06, 0, 0 ]
4174.17e-07[3]:[9.64479e+07, 0, 0 ][3]:[40.3152, 0, 0 ][3]:[8.44604e-06, 0, 0 ]
4184.18e-07[3]:[9.64479e+07, 0, 0 ][3]:[40.4117, 0, 0 ][3]:[8.48645e-06, 0, 0 ]
4194.19e-07[3]:[9.64479e+07, 0, 0 ][3]:[40.5081, 0, 0 ][3]:[8.52696e-06, 0, 0 ]
4204.2e-07[3]:[9.64479e+07, 0, 0 ][3]:[40.6046, 0, 0 ][3]:[8.56757e-06, 0, 0 ]
4214.21e-07[3]:[9.64479e+07, 0, 0 ][3]:[40.701, 0, 0 ][3]:[8.60827e-06, 0, 0 ]
4224.22e-07[3]:[9.64479e+07, 0, 0 ][3]:[40.7975, 0, 0 ][3]:[8.64906e-06, 0, 0 ]
4234.23e-07[3]:[9.64479e+07, 0, 0 ][3]:[40.8939, 0, 0 ][3]:[8.68996e-06, 0, 0 ]
4244.24e-07[3]:[9.64479e+07, 0, 0 ][3]:[40.9904, 0, 0 ][3]:[8.73095e-06, 0, 0 ]
4254.25e-07[3]:[9.64479e+07, 0, 0 ][3]:[41.0868, 0, 0 ][3]:[8.77204e-06, 0, 0 ]
4264.26e-07[3]:[9.64479e+07, 0, 0 ][3]:[41.1833, 0, 0 ][3]:[8.81322e-06, 0, 0 ]
4274.27e-07[3]:[9.64479e+07, 0, 0 ][3]:[41.2797, 0, 0 ][3]:[8.8545e-06, 0, 0 ]
4284.28e-07[3]:[9.64479e+07, 0, 0 ][3]:[41.3762, 0, 0 ][3]:[8.89587e-06, 0, 0 ]
4294.29e-07[3]:[9.64479e+07, 0, 0 ][3]:[41.4726, 0, 0 ][3]:[8.93735e-06, 0, 0 ]
4304.3e-07[3]:[9.64479e+07, 0, 0 ][3]:[41.5691, 0, 0 ][3]:[8.97892e-06, 0, 0 ]
4314.31e-07[3]:[9.64479e+07, 0, 0 ][3]:[41.6655, 0, 0 ][3]:[9.02058e-06, 0, 0 ]
4324.32e-07[3]:[9.64479e+07, 0, 0 ][3]:[41.762, 0, 0 ][3]:[9.06234e-06, 0, 0 ]
4334.33e-07[3]:[9.64479e+07, 0, 0 ][3]:[41.8584, 0, 0 ][3]:[9.1042e-06, 0, 0 ]
4344.34e-07[3]:[9.64479e+07, 0, 0 ][3]:[41.9548, 0, 0 ][3]:[9.14616e-06, 0, 0 ]
4354.35e-07[3]:[9.64479e+07, 0, 0 ][3]:[42.0513, 0, 0 ][3]:[9.18821e-06, 0, 0 ]
4364.36e-07[3]:[9.64479e+07, 0, 0 ][3]:[42.1477, 0, 0 ][3]:[9.23036e-06, 0, 0 ]
4374.37e-07[3]:[9.64479e+07, 0, 0 ][3]:[42.2442, 0, 0 ][3]:[9.2726e-06, 0, 0 ]
4384.38e-07[3]:[9.64479e+07, 0, 0 ][3]:[42.3406, 0, 0 ][3]:[9.31494e-06, 0, 0 ]
4394.39e-07[3]:[9.64479e+07, 0, 0 ][3]:[42.4371, 0, 0 ][3]:[9.35738e-06, 0, 0 ]
4404.4e-07[3]:[9.64479e+07, 0, 0 ][3]:[42.5335, 0, 0 ][3]:[9.39991e-06, 0, 0 ]
4414.41e-07[3]:[9.64479e+07, 0, 0 ][3]:[42.63, 0, 0 ][3]:[9.44254e-06, 0, 0 ]
4424.42e-07[3]:[9.64479e+07, 0, 0 ][3]:[42.7264, 0, 0 ][3]:[9.48527e-06, 0, 0 ]
4434.43e-07[3]:[9.64479e+07, 0, 0 ][3]:[42.8229, 0, 0 ][3]:[9.52809e-06, 0, 0 ]
4444.44e-07[3]:[9.64479e+07, 0, 0 ][3]:[42.9193, 0, 0 ][3]:[9.57101e-06, 0, 0 ]
4454.45e-07[3]:[9.64479e+07, 0, 0 ][3]:[43.0158, 0, 0 ][3]:[9.61403e-06, 0, 0 ]
4464.46e-07[3]:[9.64479e+07, 0, 0 ][3]:[43.1122, 0, 0 ][3]:[9.65714e-06, 0, 0 ]
4474.47e-07[3]:[9.64479e+07, 0, 0 ][3]:[43.2087, 0, 0 ][3]:[9.70035e-06, 0, 0 ]
4484.48e-07[3]:[9.64479e+07, 0, 0 ][3]:[43.3051, 0, 0 ][3]:[9.74365e-06, 0, 0 ]
4494.49e-07[3]:[9.64479e+07, 0, 0 ][3]:[43.4016, 0, 0 ][3]:[9.78705e-06, 0, 0 ]
4504.5e-07[3]:[9.64479e+07, 0, 0 ][3]:[43.498, 0, 0 ][3]:[9.83055e-06, 0, 0 ]
4514.51e-07[3]:[9.64479e+07, 0, 0 ][3]:[43.5945, 0, 0 ][3]:[9.87415e-06, 0, 0 ]
4524.52e-07[3]:[9.64479e+07, 0, 0 ][3]:[43.6909, 0, 0 ][3]:[9.91784e-06, 0, 0 ]
4534.53e-07[3]:[9.64479e+07, 0, 0 ][3]:[43.7874, 0, 0 ][3]:[9.96162e-06, 0, 0 ]
4544.54e-07[3]:[9.64479e+07, 0, 0 ][3]:[43.8838, 0, 0 ][3]:[1.00055e-05, 0, 0 ]
4554.55e-07[3]:[9.64479e+07, 0, 0 ][3]:[43.9803, 0, 0 ][3]:[1.00495e-05, 0, 0 ]
4564.56e-07[3]:[9.64479e+07, 0, 0 ][3]:[44.0767, 0, 0 ][3]:[1.00936e-05, 0, 0 ]
4574.57e-07[3]:[9.64479e+07, 0, 0 ][3]:[44.1731, 0, 0 ][3]:[1.01377e-05, 0, 0 ]
4584.58e-07[3]:[9.64479e+07, 0, 0 ][3]:[44.2696, 0, 0 ][3]:[1.0182e-05, 0, 0 ]
4594.59e-07[3]:[9.64479e+07, 0, 0 ][3]:[44.366, 0, 0 ][3]:[1.02264e-05, 0, 0 ]
4604.6e-07[3]:[9.64479e+07, 0, 0 ][3]:[44.4625, 0, 0 ][3]:[1.02708e-05, 0, 0 ]
4614.61e-07[3]:[9.64479e+07, 0, 0 ][3]:[44.5589, 0, 0 ][3]:[1.03154e-05, 0, 0 ]
4624.62e-07[3]:[9.64479e+07, 0, 0 ][3]:[44.6554, 0, 0 ][3]:[1.03601e-05, 0, 0 ]
4634.63e-07[3]:[9.64479e+07, 0, 0 ][3]:[44.7518, 0, 0 ][3]:[1.04048e-05, 0, 0 ]
4644.64e-07[3]:[9.64479e+07, 0, 0 ][3]:[44.8483, 0, 0 ][3]:[1.04497e-05, 0, 0 ]
4654.65e-07[3]:[9.64479e+07, 0, 0 ][3]:[44.9447, 0, 0 ][3]:[1.04946e-05, 0, 0 ]
4664.66e-07[3]:[9.64479e+07, 0, 0 ][3]:[45.0412, 0, 0 ][3]:[1.05396e-05, 0, 0 ]
4674.67e-07[3]:[9.64479e+07, 0, 0 ][3]:[45.1376, 0, 0 ][3]:[1.05848e-05, 0, 0 ]
4684.68e-07[3]:[9.64479e+07, 0, 0 ][3]:[45.2341, 0, 0 ][3]:[1.063e-05, 0, 0 ]
4694.69e-07[3]:[9.64479e+07, 0, 0 ][3]:[45.3305, 0, 0 ][3]:[1.06753e-05, 0, 0 ]
4704.7e-07[3]:[9.64479e+07, 0, 0 ][3]:[45.427, 0, 0 ][3]:[1.07208e-05, 0, 0 ]
4714.71e-07[3]:[9.64479e+07, 0, 0 ][3]:[45.5234, 0, 0 ][3]:[1.07663e-05, 0, 0 ]
4724.72e-07[3]:[9.64479e+07, 0, 0 ][3]:[45.6199, 0, 0 ][3]:[1.08119e-05, 0, 0 ]
4734.73e-07[3]:[9.64479e+07, 0, 0 ][3]:[45.7163, 0, 0 ][3]:[1.08576e-05, 0, 0 ]
4744.74e-07[3]:[9.64479e+07, 0, 0 ][3]:[45.8128, 0, 0 ][3]:[1.09034e-05, 0, 0 ]
4754.75e-07[3]:[9.64479e+07, 0, 0 ][3]:[45.9092, 0, 0 ][3]:[1.09493e-05, 0, 0 ]
4764.76e-07[3]:[9.64479e+07, 0, 0 ][3]:[46.0057, 0, 0 ][3]:[1.09954e-05, 0, 0 ]
4774.77e-07[3]:[9.64479e+07, 0, 0 ][3]:[46.1021, 0, 0 ][3]:[1.10415e-05, 0, 0 ]
4784.78e-07[3]:[9.64479e+07, 0, 0 ][3]:[46.1986, 0, 0 ][3]:[1.10877e-05, 0, 0 ]
4794.79e-07[3]:[9.64479e+07, 0, 0 ][3]:[46.295, 0, 0 ][3]:[1.11339e-05, 0, 0 ]
4804.8e-07[3]:[9.64479e+07, 0, 0 ][3]:[46.3915, 0, 0 ][3]:[1.11803e-05, 0, 0 ]
4814.81e-07[3]:[9.64479e+07, 0, 0 ][3]:[46.4879, 0, 0 ][3]:[1.12268e-05, 0, 0 ]
4824.82e-07[3]:[9.64479e+07, 0, 0 ][3]:[46.5843, 0, 0 ][3]:[1.12734e-05, 0, 0 ]
4834.83e-07[3]:[9.64479e+07, 0, 0 ][3]:[46.6808, 0, 0 ][3]:[1.13201e-05, 0, 0 ]
4844.84e-07[3]:[9.64479e+07, 0, 0 ][3]:[46.7772, 0, 0 ][3]:[1.13669e-05, 0, 0 ]
4854.85e-07[3]:[9.64479e+07, 0, 0 ][3]:[46.8737, 0, 0 ][3]:[1.14137e-05, 0, 0 ]
4864.86e-07[3]:[9.64479e+07, 0, 0 ][3]:[46.9701, 0, 0 ][3]:[1.14607e-05, 0, 0 ]
4874.87e-07[3]:[9.64479e+07, 0, 0 ][3]:[47.0666, 0, 0 ][3]:[1.15078e-05, 0, 0 ]
4884.88e-07[3]:[9.64479e+07, 0, 0 ][3]:[47.163, 0, 0 ][3]:[1.15549e-05, 0, 0 ]
4894.89e-07[3]:[9.64479e+07, 0, 0 ][3]:[47.2595, 0, 0 ][3]:[1.16022e-05, 0, 0 ]
4904.9e-07[3]:[9.64479e+07, 0, 0 ][3]:[47.3559, 0, 0 ][3]:[1.16496e-05, 0, 0 ]
4914.91e-07[3]:[9.64479e+07, 0, 0 ][3]:[47.4524, 0, 0 ][3]:[1.1697e-05, 0, 0 ]
4924.92e-07[3]:[9.64479e+07, 0, 0 ][3]:[47.5488, 0, 0 ][3]:[1.17446e-05, 0, 0 ]
4934.93e-07[3]:[9.64479e+07, 0, 0 ][3]:[47.6453, 0, 0 ][3]:[1.17922e-05, 0, 0 ]
4944.94e-07[3]:[9.64479e+07, 0, 0 ][3]:[47.7417, 0, 0 ][3]:[1.18399e-05, 0, 0 ]
4954.95e-07[3]:[9.64479e+07, 0, 0 ][3]:[47.8382, 0, 0 ][3]:[1.18878e-05, 0, 0 ]
4964.96e-07[3]:[9.64479e+07, 0, 0 ][3]:[47.9346, 0, 0 ][3]:[1.19357e-05, 0, 0 ]
4974.97e-07[3]:[9.64479e+07, 0, 0 ][3]:[48.0311, 0, 0 ][3]:[1.19838e-05, 0, 0 ]
4984.98e-07[3]:[9.64479e+07, 0, 0 ][3]:[48.1275, 0, 0 ][3]:[1.20319e-05, 0, 0 ]
4994.99e-07[3]:[9.64479e+07, 0, 0 ][3]:[48.224, 0, 0 ][3]:[1.20801e-05, 0, 0 ]
5005e-07[3]:[9.64479e+07, 0, 0 ][3]:[48.3204, 0, 0 ][3]:[1.21284e-05, 0, 0 ]
5015.01e-07[3]:[9.64479e+07, 0, 0 ][3]:[48.4169, 0, 0 ][3]:[1.21768e-05, 0, 0 ]
5025.02e-07[3]:[9.64479e+07, 0, 0 ][3]:[48.5133, 0, 0 ][3]:[1.22254e-05, 0, 0 ]
5035.03e-07[3]:[9.64479e+07, 0, 0 ][3]:[48.6098, 0, 0 ][3]:[1.2274e-05, 0, 0 ]
5045.04e-07[3]:[9.64479e+07, 0, 0 ][3]:[48.7062, 0, 0 ][3]:[1.23227e-05, 0, 0 ]
5055.05e-07[3]:[9.64479e+07, 0, 0 ][3]:[48.8026, 0, 0 ][3]:[1.23715e-05, 0, 0 ]
5065.06e-07[3]:[9.64479e+07, 0, 0 ][3]:[48.8991, 0, 0 ][3]:[1.24204e-05, 0, 0 ]
5075.07e-07[3]:[9.64479e+07, 0, 0 ][3]:[48.9955, 0, 0 ][3]:[1.24694e-05, 0, 0 ]
5085.08e-07[3]:[9.64479e+07, 0, 0 ][3]:[49.092, 0, 0 ][3]:[1.25185e-05, 0, 0 ]
5095.09e-07[3]:[9.64479e+07, 0, 0 ][3]:[49.1884, 0, 0 ][3]:[1.25676e-05, 0, 0 ]
5105.1e-07[3]:[9.64479e+07, 0, 0 ][3]:[49.2849, 0, 0 ][3]:[1.26169e-05, 0, 0 ]
5115.11e-07[3]:[9.64479e+07, 0, 0 ][3]:[49.3813, 0, 0 ][3]:[1.26663e-05, 0, 0 ]
5125.12e-07[3]:[9.64479e+07, 0, 0 ][3]:[49.4778, 0, 0 ][3]:[1.27158e-05, 0, 0 ]
5135.13e-07[3]:[9.64479e+07, 0, 0 ][3]:[49.5742, 0, 0 ][3]:[1.27654e-05, 0, 0 ]
5145.14e-07[3]:[9.64479e+07, 0, 0 ][3]:[49.6707, 0, 0 ][3]:[1.2815e-05, 0, 0 ]
5155.15e-07[3]:[9.64479e+07, 0, 0 ][3]:[49.7671, 0, 0 ][3]:[1.28648e-05, 0, 0 ]
5165.16e-07[3]:[9.64479e+07, 0, 0 ][3]:[49.8636, 0, 0 ][3]:[1.29147e-05, 0, 0 ]
5175.17e-07[3]:[9.64479e+07, 0, 0 ][3]:[49.96, 0, 0 ][3]:[1.29646e-05, 0, 0 ]
5185.18e-07[3]:[9.64479e+07, 0, 0 ][3]:[50.0565, 0, 0 ][3]:[1.30147e-05, 0, 0 ]
5195.19e-07[3]:[9.64479e+07, 0, 0 ][3]:[50.1529, 0, 0 ][3]:[1.30648e-05, 0, 0 ]
5205.2e-07[3]:[9.64479e+07, 0, 0 ][3]:[50.2494, 0, 0 ][3]:[1.31151e-05, 0, 0 ]
5215.21e-07[3]:[9.64479e+07, 0, 0 ][3]:[50.3458, 0, 0 ][3]:[1.31654e-05, 0, 0 ]
5225.22e-07[3]:[9.64479e+07, 0, 0 ][3]:[50.4423, 0, 0 ][3]:[1.32159e-05, 0, 0 ]
5235.23e-07[3]:[9.64479e+07, 0, 0 ][3]:[50.5387, 0, 0 ][3]:[1.32664e-05, 0, 0 ]
5245.24e-07[3]:[9.64479e+07, 0, 0 ][3]:[50.6352, 0, 0 ][3]:[1.3317e-05, 0, 0 ]
5255.25e-07[3]:[9.64479e+07, 0, 0 ][3]:[50.7316, 0, 0 ][3]:[1.33678e-05, 0, 0 ]
5265.26e-07[3]:[9.64479e+07, 0, 0 ][3]:[50.8281, 0, 0 ][3]:[1.34186e-05, 0, 0 ]
5275.27e-07[3]:[9.64479e+07, 0, 0 ][3]:[50.9245, 0, 0 ][3]:[1.34695e-05, 0, 0 ]
5285.28e-07[3]:[9.64479e+07, 0, 0 ][3]:[51.021, 0, 0 ][3]:[1.35206e-05, 0, 0 ]
5295.29e-07[3]:[9.64479e+07, 0, 0 ][3]:[51.1174, 0, 0 ][3]:[1.35717e-05, 0, 0 ]
5305.3e-07[3]:[9.64479e+07, 0, 0 ][3]:[51.2138, 0, 0 ][3]:[1.36229e-05, 0, 0 ]
5315.31e-07[3]:[9.64479e+07, 0, 0 ][3]:[51.3103, 0, 0 ][3]:[1.36742e-05, 0, 0 ]
5325.32e-07[3]:[9.64479e+07, 0, 0 ][3]:[51.4067, 0, 0 ][3]:[1.37256e-05, 0, 0 ]
5335.33e-07[3]:[9.64479e+07, 0, 0 ][3]:[51.5032, 0, 0 ][3]:[1.37771e-05, 0, 0 ]
5345.34e-07[3]:[9.64479e+07, 0, 0 ][3]:[51.5996, 0, 0 ][3]:[1.38287e-05, 0, 0 ]
5355.35e-07[3]:[9.64479e+07, 0, 0 ][3]:[51.6961, 0, 0 ][3]:[1.38804e-05, 0, 0 ]
5365.36e-07[3]:[9.64479e+07, 0, 0 ][3]:[51.7925, 0, 0 ][3]:[1.39322e-05, 0, 0 ]
5375.37e-07[3]:[9.64479e+07, 0, 0 ][3]:[51.889, 0, 0 ][3]:[1.39841e-05, 0, 0 ]
5385.38e-07[3]:[9.64479e+07, 0, 0 ][3]:[51.9854, 0, 0 ][3]:[1.40361e-05, 0, 0 ]
5395.39e-07[3]:[9.64479e+07, 0, 0 ][3]:[52.0819, 0, 0 ][3]:[1.40881e-05, 0, 0 ]
5405.4e-07[3]:[9.64479e+07, 0, 0 ][3]:[52.1783, 0, 0 ][3]:[1.41403e-05, 0, 0 ]
5415.41e-07[3]:[9.64479e+07, 0, 0 ][3]:[52.2748, 0, 0 ][3]:[1.41926e-05, 0, 0 ]
5425.42e-07[3]:[9.64479e+07, 0, 0 ][3]:[52.3712, 0, 0 ][3]:[1.4245e-05, 0, 0 ]
5435.43e-07[3]:[9.64479e+07, 0, 0 ][3]:[52.4677, 0, 0 ][3]:[1.42974e-05, 0, 0 ]
5445.44e-07[3]:[9.64479e+07, 0, 0 ][3]:[52.5641, 0, 0 ][3]:[1.435e-05, 0, 0 ]
5455.45e-07[3]:[9.64479e+07, 0, 0 ][3]:[52.6606, 0, 0 ][3]:[1.44027e-05, 0, 0 ]
5465.46e-07[3]:[9.64479e+07, 0, 0 ][3]:[52.757, 0, 0 ][3]:[1.44554e-05, 0, 0 ]
5475.47e-07[3]:[9.64479e+07, 0, 0 ][3]:[52.8535, 0, 0 ][3]:[1.45083e-05, 0, 0 ]
5485.48e-07[3]:[9.64479e+07, 0, 0 ][3]:[52.9499, 0, 0 ][3]:[1.45612e-05, 0, 0 ]
5495.49e-07[3]:[9.64479e+07, 0, 0 ][3]:[53.0464, 0, 0 ][3]:[1.46143e-05, 0, 0 ]
5505.5e-07[3]:[9.64479e+07, 0, 0 ][3]:[53.1428, 0, 0 ][3]:[1.46674e-05, 0, 0 ]
5515.51e-07[3]:[9.64479e+07, 0, 0 ][3]:[53.2393, 0, 0 ][3]:[1.47207e-05, 0, 0 ]
5525.52e-07[3]:[9.64479e+07, 0, 0 ][3]:[53.3357, 0, 0 ][3]:[1.4774e-05, 0, 0 ]
5535.53e-07[3]:[9.64479e+07, 0, 0 ][3]:[53.4321, 0, 0 ][3]:[1.48274e-05, 0, 0 ]
5545.54e-07[3]:[9.64479e+07, 0, 0 ][3]:[53.5286, 0, 0 ][3]:[1.4881e-05, 0, 0 ]
5555.55e-07[3]:[9.64479e+07, 0, 0 ][3]:[53.625, 0, 0 ][3]:[1.49346e-05, 0, 0 ]
5565.56e-07[3]:[9.64479e+07, 0, 0 ][3]:[53.7215, 0, 0 ][3]:[1.49883e-05, 0, 0 ]
5575.57e-07[3]:[9.64479e+07, 0, 0 ][3]:[53.8179, 0, 0 ][3]:[1.50421e-05, 0, 0 ]
5585.58e-07[3]:[9.64479e+07, 0, 0 ][3]:[53.9144, 0, 0 ][3]:[1.5096e-05, 0, 0 ]
5595.59e-07[3]:[9.64479e+07, 0, 0 ][3]:[54.0108, 0, 0 ][3]:[1.515e-05, 0, 0 ]
5605.6e-07[3]:[9.64479e+07, 0, 0 ][3]:[54.1073, 0, 0 ][3]:[1.52041e-05, 0, 0 ]
5615.61e-07[3]:[9.64479e+07, 0, 0 ][3]:[54.2037, 0, 0 ][3]:[1.52584e-05, 0, 0 ]
5625.62e-07[3]:[9.64479e+07, 0, 0 ][3]:[54.3002, 0, 0 ][3]:[1.53127e-05, 0, 0 ]
5635.63e-07[3]:[9.64479e+07, 0, 0 ][3]:[54.3966, 0, 0 ][3]:[1.5367e-05, 0, 0 ]
5645.64e-07[3]:[9.64479e+07, 0, 0 ][3]:[54.4931, 0, 0 ][3]:[1.54215e-05, 0, 0 ]
5655.65e-07[3]:[9.64479e+07, 0, 0 ][3]:[54.5895, 0, 0 ][3]:[1.54761e-05, 0, 0 ]
5665.66e-07[3]:[9.64479e+07, 0, 0 ][3]:[54.686, 0, 0 ][3]:[1.55308e-05, 0, 0 ]
5675.67e-07[3]:[9.64479e+07, 0, 0 ][3]:[54.7824, 0, 0 ][3]:[1.55856e-05, 0, 0 ]
5685.68e-07[3]:[9.64479e+07, 0, 0 ][3]:[54.8789, 0, 0 ][3]:[1.56405e-05, 0, 0 ]
5695.69e-07[3]:[9.64479e+07, 0, 0 ][3]:[54.9753, 0, 0 ][3]:[1.56955e-05, 0, 0 ]
5705.7e-07[3]:[9.64479e+07, 0, 0 ][3]:[55.0718, 0, 0 ][3]:[1.57505e-05, 0, 0 ]
5715.71e-07[3]:[9.64479e+07, 0, 0 ][3]:[55.1682, 0, 0 ][3]:[1.58057e-05, 0, 0 ]
5725.72e-07[3]:[9.64479e+07, 0, 0 ][3]:[55.2647, 0, 0 ][3]:[1.5861e-05, 0, 0 ]
5735.73e-07[3]:[9.64479e+07, 0, 0 ][3]:[55.3611, 0, 0 ][3]:[1.59163e-05, 0, 0 ]
5745.74e-07[3]:[9.64479e+07, 0, 0 ][3]:[55.4576, 0, 0 ][3]:[1.59718e-05, 0, 0 ]
5755.75e-07[3]:[9.64479e+07, 0, 0 ][3]:[55.554, 0, 0 ][3]:[1.60273e-05, 0, 0 ]
5765.76e-07[3]:[9.64479e+07, 0, 0 ][3]:[55.6505, 0, 0 ][3]:[1.6083e-05, 0, 0 ]
5775.77e-07[3]:[9.64479e+07, 0, 0 ][3]:[55.7469, 0, 0 ][3]:[1.61387e-05, 0, 0 ]
5785.78e-07[3]:[9.64479e+07, 0, 0 ][3]:[55.8433, 0, 0 ][3]:[1.61946e-05, 0, 0 ]
5795.79e-07[3]:[9.64479e+07, 0, 0 ][3]:[55.9398, 0, 0 ][3]:[1.62505e-05, 0, 0 ]
5805.8e-07[3]:[9.64479e+07, 0, 0 ][3]:[56.0362, 0, 0 ][3]:[1.63065e-05, 0, 0 ]
5815.81e-07[3]:[9.64479e+07, 0, 0 ][3]:[56.1327, 0, 0 ][3]:[1.63627e-05, 0, 0 ]
5825.82e-07[3]:[9.64479e+07, 0, 0 ][3]:[56.2291, 0, 0 ][3]:[1.64189e-05, 0, 0 ]
5835.83e-07[3]:[9.64479e+07, 0, 0 ][3]:[56.3256, 0, 0 ][3]:[1.64752e-05, 0, 0 ]
5845.84e-07[3]:[9.64479e+07, 0, 0 ][3]:[56.422, 0, 0 ][3]:[1.65317e-05, 0, 0 ]
5855.85e-07[3]:[9.64479e+07, 0, 0 ][3]:[56.5185, 0, 0 ][3]:[1.65882e-05, 0, 0 ]
5865.86e-07[3]:[9.64479e+07, 0, 0 ][3]:[56.6149, 0, 0 ][3]:[1.66448e-05, 0, 0 ]
5875.87e-07[3]:[9.64479e+07, 0, 0 ][3]:[56.7114, 0, 0 ][3]:[1.67015e-05, 0, 0 ]
5885.88e-07[3]:[9.64479e+07, 0, 0 ][3]:[56.8078, 0, 0 ][3]:[1.67583e-05, 0, 0 ]
5895.89e-07[3]:[9.64479e+07, 0, 0 ][3]:[56.9043, 0, 0 ][3]:[1.68152e-05, 0, 0 ]
5905.9e-07[3]:[9.64479e+07, 0, 0 ][3]:[57.0007, 0, 0 ][3]:[1.68722e-05, 0, 0 ]
5915.91e-07[3]:[9.64479e+07, 0, 0 ][3]:[57.0972, 0, 0 ][3]:[1.69293e-05, 0, 0 ]
5925.92e-07[3]:[9.64479e+07, 0, 0 ][3]:[57.1936, 0, 0 ][3]:[1.69865e-05, 0, 0 ]
5935.93e-07[3]:[9.64479e+07, 0, 0 ][3]:[57.2901, 0, 0 ][3]:[1.70438e-05, 0, 0 ]
5945.94e-07[3]:[9.64479e+07, 0, 0 ][3]:[57.3865, 0, 0 ][3]:[1.71012e-05, 0, 0 ]
5955.95e-07[3]:[9.64479e+07, 0, 0 ][3]:[57.483, 0, 0 ][3]:[1.71587e-05, 0, 0 ]
5965.96e-07[3]:[9.64479e+07, 0, 0 ][3]:[57.5794, 0, 0 ][3]:[1.72162e-05, 0, 0 ]
5975.97e-07[3]:[9.64479e+07, 0, 0 ][3]:[57.6759, 0, 0 ][3]:[1.72739e-05, 0, 0 ]
5985.98e-07[3]:[9.64479e+07, 0, 0 ][3]:[57.7723, 0, 0 ][3]:[1.73317e-05, 0, 0 ]
5995.99e-07[3]:[9.64479e+07, 0, 0 ][3]:[57.8688, 0, 0 ][3]:[1.73896e-05, 0, 0 ]
6006e-07[3]:[9.64479e+07, 0, 0 ][3]:[57.9652, 0, 0 ][3]:[1.74475e-05, 0, 0 ]
6016.01e-07[3]:[9.64479e+07, 0, 0 ][3]:[58.0616, 0, 0 ][3]:[1.75056e-05, 0, 0 ]
6026.02e-07[3]:[9.64479e+07, 0, 0 ][3]:[58.1581, 0, 0 ][3]:[1.75637e-05, 0, 0 ]
6036.03e-07[3]:[9.64479e+07, 0, 0 ][3]:[58.2545, 0, 0 ][3]:[1.7622e-05, 0, 0 ]
6046.04e-07[3]:[9.64479e+07, 0, 0 ][3]:[58.351, 0, 0 ][3]:[1.76804e-05, 0, 0 ]
6056.05e-07[3]:[9.64479e+07, 0, 0 ][3]:[58.4474, 0, 0 ][3]:[1.77388e-05, 0, 0 ]
6066.06e-07[3]:[9.64479e+07, 0, 0 ][3]:[58.5439, 0, 0 ][3]:[1.77973e-05, 0, 0 ]
6076.07e-07[3]:[9.64479e+07, 0, 0 ][3]:[58.6403, 0, 0 ][3]:[1.7856e-05, 0, 0 ]
6086.08e-07[3]:[9.64479e+07, 0, 0 ][3]:[58.7368, 0, 0 ][3]:[1.79147e-05, 0, 0 ]
6096.09e-07[3]:[9.64479e+07, 0, 0 ][3]:[58.8332, 0, 0 ][3]:[1.79736e-05, 0, 0 ]
6106.1e-07[3]:[9.64479e+07, 0, 0 ][3]:[58.9297, 0, 0 ][3]:[1.80325e-05, 0, 0 ]
6116.11e-07[3]:[9.64479e+07, 0, 0 ][3]:[59.0261, 0, 0 ][3]:[1.80915e-05, 0, 0 ]
6126.12e-07[3]:[9.64479e+07, 0, 0 ][3]:[59.1226, 0, 0 ][3]:[1.81506e-05, 0, 0 ]
6136.13e-07[3]:[9.64479e+07, 0, 0 ][3]:[59.219, 0, 0 ][3]:[1.82099e-05, 0, 0 ]
6146.14e-07[3]:[9.64479e+07, 0, 0 ][3]:[59.3155, 0, 0 ][3]:[1.82692e-05, 0, 0 ]
6156.15e-07[3]:[9.64479e+07, 0, 0 ][3]:[59.4119, 0, 0 ][3]:[1.83286e-05, 0, 0 ]
6166.16e-07[3]:[9.64479e+07, 0, 0 ][3]:[59.5084, 0, 0 ][3]:[1.83881e-05, 0, 0 ]
6176.17e-07[3]:[9.64479e+07, 0, 0 ][3]:[59.6048, 0, 0 ][3]:[1.84477e-05, 0, 0 ]
6186.18e-07[3]:[9.64479e+07, 0, 0 ][3]:[59.7013, 0, 0 ][3]:[1.85074e-05, 0, 0 ]
6196.19e-07[3]:[9.64479e+07, 0, 0 ][3]:[59.7977, 0, 0 ][3]:[1.85672e-05, 0, 0 ]
6206.2e-07[3]:[9.64479e+07, 0, 0 ][3]:[59.8942, 0, 0 ][3]:[1.86271e-05, 0, 0 ]
6216.21e-07[3]:[9.64479e+07, 0, 0 ][3]:[59.9906, 0, 0 ][3]:[1.86871e-05, 0, 0 ]
6226.22e-07[3]:[9.64479e+07, 0, 0 ][3]:[60.0871, 0, 0 ][3]:[1.87472e-05, 0, 0 ]
6236.23e-07[3]:[9.64479e+07, 0, 0 ][3]:[60.1835, 0, 0 ][3]:[1.88073e-05, 0, 0 ]
6246.24e-07[3]:[9.64479e+07, 0, 0 ][3]:[60.28, 0, 0 ][3]:[1.88676e-05, 0, 0 ]
6256.25e-07[3]:[9.64479e+07, 0, 0 ][3]:[60.3764, 0, 0 ][3]:[1.8928e-05, 0, 0 ]
6266.26e-07[3]:[9.64479e+07, 0, 0 ][3]:[60.4728, 0, 0 ][3]:[1.89885e-05, 0, 0 ]
6276.27e-07[3]:[9.64479e+07, 0, 0 ][3]:[60.5693, 0, 0 ][3]:[1.9049e-05, 0, 0 ]
6286.28e-07[3]:[9.64479e+07, 0, 0 ][3]:[60.6657, 0, 0 ][3]:[1.91097e-05, 0, 0 ]
6296.29e-07[3]:[9.64479e+07, 0, 0 ][3]:[60.7622, 0, 0 ][3]:[1.91705e-05, 0, 0 ]
6306.3e-07[3]:[9.64479e+07, 0, 0 ][3]:[60.8586, 0, 0 ][3]:[1.92313e-05, 0, 0 ]
6316.31e-07[3]:[9.64479e+07, 0, 0 ][3]:[60.9551, 0, 0 ][3]:[1.92923e-05, 0, 0 ]
6326.32e-07[3]:[9.64479e+07, 0, 0 ][3]:[61.0515, 0, 0 ][3]:[1.93533e-05, 0, 0 ]
6336.33e-07[3]:[9.64479e+07, 0, 0 ][3]:[61.148, 0, 0 ][3]:[1.94145e-05, 0, 0 ]
6346.34e-07[3]:[9.64479e+07, 0, 0 ][3]:[61.2444, 0, 0 ][3]:[1.94757e-05, 0, 0 ]
6356.35e-07[3]:[9.64479e+07, 0, 0 ][3]:[61.3409, 0, 0 ][3]:[1.95371e-05, 0, 0 ]
6366.36e-07[3]:[9.64479e+07, 0, 0 ][3]:[61.4373, 0, 0 ][3]:[1.95985e-05, 0, 0 ]
6376.37e-07[3]:[9.64479e+07, 0, 0 ][3]:[61.5338, 0, 0 ][3]:[1.966e-05, 0, 0 ]
6386.38e-07[3]:[9.64479e+07, 0, 0 ][3]:[61.6302, 0, 0 ][3]:[1.97217e-05, 0, 0 ]
6396.39e-07[3]:[9.64479e+07, 0, 0 ][3]:[61.7267, 0, 0 ][3]:[1.97834e-05, 0, 0 ]
6406.4e-07[3]:[9.64479e+07, 0, 0 ][3]:[61.8231, 0, 0 ][3]:[1.98452e-05, 0, 0 ]
6416.41e-07[3]:[9.64479e+07, 0, 0 ][3]:[61.9196, 0, 0 ][3]:[1.99071e-05, 0, 0 ]
6426.42e-07[3]:[9.64479e+07, 0, 0 ][3]:[62.016, 0, 0 ][3]:[1.99692e-05, 0, 0 ]
6436.43e-07[3]:[9.64479e+07, 0, 0 ][3]:[62.1125, 0, 0 ][3]:[2.00313e-05, 0, 0 ]
6446.44e-07[3]:[9.64479e+07, 0, 0 ][3]:[62.2089, 0, 0 ][3]:[2.00935e-05, 0, 0 ]
6456.45e-07[3]:[9.64479e+07, 0, 0 ][3]:[62.3054, 0, 0 ][3]:[2.01558e-05, 0, 0 ]
6466.46e-07[3]:[9.64479e+07, 0, 0 ][3]:[62.4018, 0, 0 ][3]:[2.02182e-05, 0, 0 ]
6476.47e-07[3]:[9.64479e+07, 0, 0 ][3]:[62.4983, 0, 0 ][3]:[2.02807e-05, 0, 0 ]
6486.48e-07[3]:[9.64479e+07, 0, 0 ][3]:[62.5947, 0, 0 ][3]:[2.03433e-05, 0, 0 ]
6496.49e-07[3]:[9.64479e+07, 0, 0 ][3]:[62.6911, 0, 0 ][3]:[2.0406e-05, 0, 0 ]
6506.5e-07[3]:[9.64479e+07, 0, 0 ][3]:[62.7876, 0, 0 ][3]:[2.04688e-05, 0, 0 ]
6516.51e-07[3]:[9.64479e+07, 0, 0 ][3]:[62.884, 0, 0 ][3]:[2.05316e-05, 0, 0 ]
6526.52e-07[3]:[9.64479e+07, 0, 0 ][3]:[62.9805, 0, 0 ][3]:[2.05946e-05, 0, 0 ]
6536.53e-07[3]:[9.64479e+07, 0, 0 ][3]:[63.0769, 0, 0 ][3]:[2.06577e-05, 0, 0 ]
6546.54e-07[3]:[9.64479e+07, 0, 0 ][3]:[63.1734, 0, 0 ][3]:[2.07209e-05, 0, 0 ]
6556.55e-07[3]:[9.64479e+07, 0, 0 ][3]:[63.2698, 0, 0 ][3]:[2.07841e-05, 0, 0 ]
6566.56e-07[3]:[9.64479e+07, 0, 0 ][3]:[63.3663, 0, 0 ][3]:[2.08475e-05, 0, 0 ]
6576.57e-07[3]:[9.64479e+07, 0, 0 ][3]:[63.4627, 0, 0 ][3]:[2.0911e-05, 0, 0 ]
6586.58e-07[3]:[9.64479e+07, 0, 0 ][3]:[63.5592, 0, 0 ][3]:[2.09745e-05, 0, 0 ]
6596.59e-07[3]:[9.64479e+07, 0, 0 ][3]:[63.6556, 0, 0 ][3]:[2.10382e-05, 0, 0 ]
6606.6e-07[3]:[9.64479e+07, 0, 0 ][3]:[63.7521, 0, 0 ][3]:[2.11019e-05, 0, 0 ]
6616.61e-07[3]:[9.64479e+07, 0, 0 ][3]:[63.8485, 0, 0 ][3]:[2.11658e-05, 0, 0 ]
6626.62e-07[3]:[9.64479e+07, 0, 0 ][3]:[63.945, 0, 0 ][3]:[2.12297e-05, 0, 0 ]
6636.63e-07[3]:[9.64479e+07, 0, 0 ][3]:[64.0414, 0, 0 ][3]:[2.12938e-05, 0, 0 ]
6646.64e-07[3]:[9.64479e+07, 0, 0 ][3]:[64.1379, 0, 0 ][3]:[2.13579e-05, 0, 0 ]
6656.65e-07[3]:[9.64479e+07, 0, 0 ][3]:[64.2343, 0, 0 ][3]:[2.14221e-05, 0, 0 ]
6666.66e-07[3]:[9.64479e+07, 0, 0 ][3]:[64.3308, 0, 0 ][3]:[2.14865e-05, 0, 0 ]
6676.67e-07[3]:[9.64479e+07, 0, 0 ][3]:[64.4272, 0, 0 ][3]:[2.15509e-05, 0, 0 ]
6686.68e-07[3]:[9.64479e+07, 0, 0 ][3]:[64.5237, 0, 0 ][3]:[2.16154e-05, 0, 0 ]
6696.69e-07[3]:[9.64479e+07, 0, 0 ][3]:[64.6201, 0, 0 ][3]:[2.168e-05, 0, 0 ]
6706.7e-07[3]:[9.64479e+07, 0, 0 ][3]:[64.7166, 0, 0 ][3]:[2.17448e-05, 0, 0 ]
6716.71e-07[3]:[9.64479e+07, 0, 0 ][3]:[64.813, 0, 0 ][3]:[2.18096e-05, 0, 0 ]
6726.72e-07[3]:[9.64479e+07, 0, 0 ][3]:[64.9095, 0, 0 ][3]:[2.18745e-05, 0, 0 ]
6736.73e-07[3]:[9.64479e+07, 0, 0 ][3]:[65.0059, 0, 0 ][3]:[2.19395e-05, 0, 0 ]
6746.74e-07[3]:[9.64479e+07, 0, 0 ][3]:[65.1023, 0, 0 ][3]:[2.20046e-05, 0, 0 ]
6756.75e-07[3]:[9.64479e+07, 0, 0 ][3]:[65.1988, 0, 0 ][3]:[2.20698e-05, 0, 0 ]
6766.76e-07[3]:[9.64479e+07, 0, 0 ][3]:[65.2952, 0, 0 ][3]:[2.21351e-05, 0, 0 ]
6776.77e-07[3]:[9.64479e+07, 0, 0 ][3]:[65.3917, 0, 0 ][3]:[2.22005e-05, 0, 0 ]
6786.78e-07[3]:[9.64479e+07, 0, 0 ][3]:[65.4881, 0, 0 ][3]:[2.2266e-05, 0, 0 ]
6796.79e-07[3]:[9.64479e+07, 0, 0 ][3]:[65.5846, 0, 0 ][3]:[2.23316e-05, 0, 0 ]
6806.8e-07[3]:[9.64479e+07, 0, 0 ][3]:[65.681, 0, 0 ][3]:[2.23972e-05, 0, 0 ]
6816.81e-07[3]:[9.64479e+07, 0, 0 ][3]:[65.7775, 0, 0 ][3]:[2.2463e-05, 0, 0 ]
6826.82e-07[3]:[9.64479e+07, 0, 0 ][3]:[65.8739, 0, 0 ][3]:[2.25289e-05, 0, 0 ]
6836.83e-07[3]:[9.64479e+07, 0, 0 ][3]:[65.9704, 0, 0 ][3]:[2.25949e-05, 0, 0 ]
6846.84e-07[3]:[9.64479e+07, 0, 0 ][3]:[66.0668, 0, 0 ][3]:[2.26609e-05, 0, 0 ]
6856.85e-07[3]:[9.64479e+07, 0, 0 ][3]:[66.1633, 0, 0 ][3]:[2.27271e-05, 0, 0 ]
6866.86e-07[3]:[9.64479e+07, 0, 0 ][3]:[66.2597, 0, 0 ][3]:[2.27933e-05, 0, 0 ]
6876.87e-07[3]:[9.64479e+07, 0, 0 ][3]:[66.3562, 0, 0 ][3]:[2.28597e-05, 0, 0 ]
6886.88e-07[3]:[9.64479e+07, 0, 0 ][3]:[66.4526, 0, 0 ][3]:[2.29262e-05, 0, 0 ]
6896.89e-07[3]:[9.64479e+07, 0, 0 ][3]:[66.5491, 0, 0 ][3]:[2.29927e-05, 0, 0 ]
6906.9e-07[3]:[9.64479e+07, 0, 0 ][3]:[66.6455, 0, 0 ][3]:[2.30593e-05, 0, 0 ]
6916.91e-07[3]:[9.64479e+07, 0, 0 ][3]:[66.742, 0, 0 ][3]:[2.31261e-05, 0, 0 ]
6926.92e-07[3]:[9.64479e+07, 0, 0 ][3]:[66.8384, 0, 0 ][3]:[2.31929e-05, 0, 0 ]
6936.93e-07[3]:[9.64479e+07, 0, 0 ][3]:[66.9349, 0, 0 ][3]:[2.32599e-05, 0, 0 ]
6946.94e-07[3]:[9.64479e+07, 0, 0 ][3]:[67.0313, 0, 0 ][3]:[2.33269e-05, 0, 0 ]
6956.95e-07[3]:[9.64479e+07, 0, 0 ][3]:[67.1278, 0, 0 ][3]:[2.3394e-05, 0, 0 ]
6966.96e-07[3]:[9.64479e+07, 0, 0 ][3]:[67.2242, 0, 0 ][3]:[2.34612e-05, 0, 0 ]
6976.97e-07[3]:[9.64479e+07, 0, 0 ][3]:[67.3207, 0, 0 ][3]:[2.35286e-05, 0, 0 ]
6986.98e-07[3]:[9.64479e+07, 0, 0 ][3]:[67.4171, 0, 0 ][3]:[2.3596e-05, 0, 0 ]
6996.99e-07[3]:[9.64479e+07, 0, 0 ][3]:[67.5135, 0, 0 ][3]:[2.36635e-05, 0, 0 ]
7007e-07[3]:[9.64479e+07, 0, 0 ][3]:[67.61, 0, 0 ][3]:[2.37311e-05, 0, 0 ]
7017.01e-07[3]:[9.64479e+07, 0, 0 ][3]:[67.7064, 0, 0 ][3]:[2.37988e-05, 0, 0 ]
7027.02e-07[3]:[9.64479e+07, 0, 0 ][3]:[67.8029, 0, 0 ][3]:[2.38666e-05, 0, 0 ]
7037.03e-07[3]:[9.64479e+07, 0, 0 ][3]:[67.8993, 0, 0 ][3]:[2.39345e-05, 0, 0 ]
7047.04e-07[3]:[9.64479e+07, 0, 0 ][3]:[67.9958, 0, 0 ][3]:[2.40025e-05, 0, 0 ]
7057.05e-07[3]:[9.64479e+07, 0, 0 ][3]:[68.0922, 0, 0 ][3]:[2.40706e-05, 0, 0 ]
7067.06e-07[3]:[9.64479e+07, 0, 0 ][3]:[68.1887, 0, 0 ][3]:[2.41388e-05, 0, 0 ]
7077.07e-07[3]:[9.64479e+07, 0, 0 ][3]:[68.2851, 0, 0 ][3]:[2.42071e-05, 0, 0 ]
7087.08e-07[3]:[9.64479e+07, 0, 0 ][3]:[68.3816, 0, 0 ][3]:[2.42755e-05, 0, 0 ]
7097.09e-07[3]:[9.64479e+07, 0, 0 ][3]:[68.478, 0, 0 ][3]:[2.43439e-05, 0, 0 ]
7107.1e-07[3]:[9.64479e+07, 0, 0 ][3]:[68.5745, 0, 0 ][3]:[2.44125e-05, 0, 0 ]
7117.11e-07[3]:[9.64479e+07, 0, 0 ][3]:[68.6709, 0, 0 ][3]:[2.44812e-05, 0, 0 ]
7127.12e-07[3]:[9.64479e+07, 0, 0 ][3]:[68.7674, 0, 0 ][3]:[2.455e-05, 0, 0 ]
7137.13e-07[3]:[9.64479e+07, 0, 0 ][3]:[68.8638, 0, 0 ][3]:[2.46188e-05, 0, 0 ]
7147.14e-07[3]:[9.64479e+07, 0, 0 ][3]:[68.9603, 0, 0 ][3]:[2.46878e-05, 0, 0 ]
7157.15e-07[3]:[9.64479e+07, 0, 0 ][3]:[69.0567, 0, 0 ][3]:[2.47568e-05, 0, 0 ]
7167.16e-07[3]:[9.64479e+07, 0, 0 ][3]:[69.1532, 0, 0 ][3]:[2.4826e-05, 0, 0 ]
7177.17e-07[3]:[9.64479e+07, 0, 0 ][3]:[69.2496, 0, 0 ][3]:[2.48952e-05, 0, 0 ]
7187.18e-07[3]:[9.64479e+07, 0, 0 ][3]:[69.3461, 0, 0 ][3]:[2.49646e-05, 0, 0 ]
7197.19e-07[3]:[9.64479e+07, 0, 0 ][3]:[69.4425, 0, 0 ][3]:[2.5034e-05, 0, 0 ]
7207.2e-07[3]:[9.64479e+07, 0, 0 ][3]:[69.539, 0, 0 ][3]:[2.51036e-05, 0, 0 ]
7217.21e-07[3]:[9.64479e+07, 0, 0 ][3]:[69.6354, 0, 0 ][3]:[2.51732e-05, 0, 0 ]
7227.22e-07[3]:[9.64479e+07, 0, 0 ][3]:[69.7318, 0, 0 ][3]:[2.52429e-05, 0, 0 ]
7237.23e-07[3]:[9.64479e+07, 0, 0 ][3]:[69.8283, 0, 0 ][3]:[2.53128e-05, 0, 0 ]
7247.24e-07[3]:[9.64479e+07, 0, 0 ][3]:[69.9247, 0, 0 ][3]:[2.53827e-05, 0, 0 ]
7257.25e-07[3]:[9.64479e+07, 0, 0 ][3]:[70.0212, 0, 0 ][3]:[2.54527e-05, 0, 0 ]
7267.26e-07[3]:[9.64479e+07, 0, 0 ][3]:[70.1176, 0, 0 ][3]:[2.55228e-05, 0, 0 ]
7277.27e-07[3]:[9.64479e+07, 0, 0 ][3]:[70.2141, 0, 0 ][3]:[2.5593e-05, 0, 0 ]
7287.28e-07[3]:[9.64479e+07, 0, 0 ][3]:[70.3105, 0, 0 ][3]:[2.56633e-05, 0, 0 ]
7297.29e-07[3]:[9.64479e+07, 0, 0 ][3]:[70.407, 0, 0 ][3]:[2.57338e-05, 0, 0 ]
7307.3e-07[3]:[9.64479e+07, 0, 0 ][3]:[70.5034, 0, 0 ][3]:[2.58043e-05, 0, 0 ]
7317.31e-07[3]:[9.64479e+07, 0, 0 ][3]:[70.5999, 0, 0 ][3]:[2.58749e-05, 0, 0 ]
7327.32e-07[3]:[9.64479e+07, 0, 0 ][3]:[70.6963, 0, 0 ][3]:[2.59456e-05, 0, 0 ]
7337.33e-07[3]:[9.64479e+07, 0, 0 ][3]:[70.7928, 0, 0 ][3]:[2.60163e-05, 0, 0 ]
7347.34e-07[3]:[9.64479e+07, 0, 0 ][3]:[70.8892, 0, 0 ][3]:[2.60872e-05, 0, 0 ]
7357.35e-07[3]:[9.64479e+07, 0, 0 ][3]:[70.9857, 0, 0 ][3]:[2.61582e-05, 0, 0 ]
7367.36e-07[3]:[9.64479e+07, 0, 0 ][3]:[71.0821, 0, 0 ][3]:[2.62293e-05, 0, 0 ]
7377.37e-07[3]:[9.64479e+07, 0, 0 ][3]:[71.1786, 0, 0 ][3]:[2.63005e-05, 0, 0 ]
7387.38e-07[3]:[9.64479e+07, 0, 0 ][3]:[71.275, 0, 0 ][3]:[2.63718e-05, 0, 0 ]
7397.39e-07[3]:[9.64479e+07, 0, 0 ][3]:[71.3715, 0, 0 ][3]:[2.64431e-05, 0, 0 ]
7407.4e-07[3]:[9.64479e+07, 0, 0 ][3]:[71.4679, 0, 0 ][3]:[2.65146e-05, 0, 0 ]
7417.41e-07[3]:[9.64479e+07, 0, 0 ][3]:[71.5644, 0, 0 ][3]:[2.65862e-05, 0, 0 ]
7427.42e-07[3]:[9.64479e+07, 0, 0 ][3]:[71.6608, 0, 0 ][3]:[2.66578e-05, 0, 0 ]
7437.43e-07[3]:[9.64479e+07, 0, 0 ][3]:[71.7573, 0, 0 ][3]:[2.67296e-05, 0, 0 ]
7447.44e-07[3]:[9.64479e+07, 0, 0 ][3]:[71.8537, 0, 0 ][3]:[2.68014e-05, 0, 0 ]
7457.45e-07[3]:[9.64479e+07, 0, 0 ][3]:[71.9502, 0, 0 ][3]:[2.68734e-05, 0, 0 ]
7467.46e-07[3]:[9.64479e+07, 0, 0 ][3]:[72.0466, 0, 0 ][3]:[2.69454e-05, 0, 0 ]
7477.47e-07[3]:[9.64479e+07, 0, 0 ][3]:[72.143, 0, 0 ][3]:[2.70176e-05, 0, 0 ]
7487.48e-07[3]:[9.64479e+07, 0, 0 ][3]:[72.2395, 0, 0 ][3]:[2.70898e-05, 0, 0 ]
7497.49e-07[3]:[9.64479e+07, 0, 0 ][3]:[72.3359, 0, 0 ][3]:[2.71621e-05, 0, 0 ]
7507.5e-07[3]:[9.64479e+07, 0, 0 ][3]:[72.4324, 0, 0 ][3]:[2.72346e-05, 0, 0 ]
7517.51e-07[3]:[9.64479e+07, 0, 0 ][3]:[72.5288, 0, 0 ][3]:[2.73071e-05, 0, 0 ]
7527.52e-07[3]:[9.64479e+07, 0, 0 ][3]:[72.6253, 0, 0 ][3]:[2.73797e-05, 0, 0 ]
7537.53e-07[3]:[9.64479e+07, 0, 0 ][3]:[72.7217, 0, 0 ][3]:[2.74525e-05, 0, 0 ]
7547.54e-07[3]:[9.64479e+07, 0, 0 ][3]:[72.8182, 0, 0 ][3]:[2.75253e-05, 0, 0 ]
7557.55e-07[3]:[9.64479e+07, 0, 0 ][3]:[72.9146, 0, 0 ][3]:[2.75982e-05, 0, 0 ]
7567.56e-07[3]:[9.64479e+07, 0, 0 ][3]:[73.0111, 0, 0 ][3]:[2.76712e-05, 0, 0 ]
7577.57e-07[3]:[9.64479e+07, 0, 0 ][3]:[73.1075, 0, 0 ][3]:[2.77443e-05, 0, 0 ]
7587.58e-07[3]:[9.64479e+07, 0, 0 ][3]:[73.204, 0, 0 ][3]:[2.78175e-05, 0, 0 ]
7597.59e-07[3]:[9.64479e+07, 0, 0 ][3]:[73.3004, 0, 0 ][3]:[2.78908e-05, 0, 0 ]
7607.6e-07[3]:[9.64479e+07, 0, 0 ][3]:[73.3969, 0, 0 ][3]:[2.79642e-05, 0, 0 ]
7617.61e-07[3]:[9.64479e+07, 0, 0 ][3]:[73.4933, 0, 0 ][3]:[2.80377e-05, 0, 0 ]
7627.62e-07[3]:[9.64479e+07, 0, 0 ][3]:[73.5898, 0, 0 ][3]:[2.81113e-05, 0, 0 ]
7637.63e-07[3]:[9.64479e+07, 0, 0 ][3]:[73.6862, 0, 0 ][3]:[2.8185e-05, 0, 0 ]
7647.64e-07[3]:[9.64479e+07, 0, 0 ][3]:[73.7827, 0, 0 ][3]:[2.82588e-05, 0, 0 ]
7657.65e-07[3]:[9.64479e+07, 0, 0 ][3]:[73.8791, 0, 0 ][3]:[2.83326e-05, 0, 0 ]
7667.66e-07[3]:[9.64479e+07, 0, 0 ][3]:[73.9756, 0, 0 ][3]:[2.84066e-05, 0, 0 ]
7677.67e-07[3]:[9.64479e+07, 0, 0 ][3]:[74.072, 0, 0 ][3]:[2.84807e-05, 0, 0 ]
7687.68e-07[3]:[9.64479e+07, 0, 0 ][3]:[74.1685, 0, 0 ][3]:[2.85549e-05, 0, 0 ]
7697.69e-07[3]:[9.64479e+07, 0, 0 ][3]:[74.2649, 0, 0 ][3]:[2.86291e-05, 0, 0 ]
7707.7e-07[3]:[9.64479e+07, 0, 0 ][3]:[74.3613, 0, 0 ][3]:[2.87035e-05, 0, 0 ]
7717.71e-07[3]:[9.64479e+07, 0, 0 ][3]:[74.4578, 0, 0 ][3]:[2.87779e-05, 0, 0 ]
7727.72e-07[3]:[9.64479e+07, 0, 0 ][3]:[74.5542, 0, 0 ][3]:[2.88525e-05, 0, 0 ]
7737.73e-07[3]:[9.64479e+07, 0, 0 ][3]:[74.6507, 0, 0 ][3]:[2.89271e-05, 0, 0 ]
7747.74e-07[3]:[9.64479e+07, 0, 0 ][3]:[74.7471, 0, 0 ][3]:[2.90019e-05, 0, 0 ]
7757.75e-07[3]:[9.64479e+07, 0, 0 ][3]:[74.8436, 0, 0 ][3]:[2.90767e-05, 0, 0 ]
7767.76e-07[3]:[9.64479e+07, 0, 0 ][3]:[74.94, 0, 0 ][3]:[2.91517e-05, 0, 0 ]
7777.77e-07[3]:[9.64479e+07, 0, 0 ][3]:[75.0365, 0, 0 ][3]:[2.92267e-05, 0, 0 ]
7787.78e-07[3]:[9.64479e+07, 0, 0 ][3]:[75.1329, 0, 0 ][3]:[2.93018e-05, 0, 0 ]
7797.79e-07[3]:[9.64479e+07, 0, 0 ][3]:[75.2294, 0, 0 ][3]:[2.93771e-05, 0, 0 ]
7807.8e-07[3]:[9.64479e+07, 0, 0 ][3]:[75.3258, 0, 0 ][3]:[2.94524e-05, 0, 0 ]
7817.81e-07[3]:[9.64479e+07, 0, 0 ][3]:[75.4223, 0, 0 ][3]:[2.95278e-05, 0, 0 ]
7827.82e-07[3]:[9.64479e+07, 0, 0 ][3]:[75.5187, 0, 0 ][3]:[2.96033e-05, 0, 0 ]
7837.83e-07[3]:[9.64479e+07, 0, 0 ][3]:[75.6152, 0, 0 ][3]:[2.9679e-05, 0, 0 ]
7847.84e-07[3]:[9.64479e+07, 0, 0 ][3]:[75.7116, 0, 0 ][3]:[2.97547e-05, 0, 0 ]
7857.85e-07[3]:[9.64479e+07, 0, 0 ][3]:[75.8081, 0, 0 ][3]:[2.98305e-05, 0, 0 ]
7867.86e-07[3]:[9.64479e+07, 0, 0 ][3]:[75.9045, 0, 0 ][3]:[2.99064e-05, 0, 0 ]
7877.87e-07[3]:[9.64479e+07, 0, 0 ][3]:[76.001, 0, 0 ][3]:[2.99824e-05, 0, 0 ]
7887.88e-07[3]:[9.64479e+07, 0, 0 ][3]:[76.0974, 0, 0 ][3]:[3.00585e-05, 0, 0 ]
7897.89e-07[3]:[9.64479e+07, 0, 0 ][3]:[76.1939, 0, 0 ][3]:[3.01347e-05, 0, 0 ]
7907.9e-07[3]:[9.64479e+07, 0, 0 ][3]:[76.2903, 0, 0 ][3]:[3.0211e-05, 0, 0 ]
7917.91e-07[3]:[9.64479e+07, 0, 0 ][3]:[76.3868, 0, 0 ][3]:[3.02873e-05, 0, 0 ]
7927.92e-07[3]:[9.64479e+07, 0, 0 ][3]:[76.4832, 0, 0 ][3]:[3.03638e-05, 0, 0 ]
7937.93e-07[3]:[9.64479e+07, 0, 0 ][3]:[76.5797, 0, 0 ][3]:[3.04404e-05, 0, 0 ]
7947.94e-07[3]:[9.64479e+07, 0, 0 ][3]:[76.6761, 0, 0 ][3]:[3.05171e-05, 0, 0 ]
7957.95e-07[3]:[9.64479e+07, 0, 0 ][3]:[76.7725, 0, 0 ][3]:[3.05939e-05, 0, 0 ]
7967.96e-07[3]:[9.64479e+07, 0, 0 ][3]:[76.869, 0, 0 ][3]:[3.06707e-05, 0, 0 ]
7977.97e-07[3]:[9.64479e+07, 0, 0 ][3]:[76.9654, 0, 0 ][3]:[3.07477e-05, 0, 0 ]
7987.98e-07[3]:[9.64479e+07, 0, 0 ][3]:[77.0619, 0, 0 ][3]:[3.08248e-05, 0, 0 ]
7997.99e-07[3]:[9.64479e+07, 0, 0 ][3]:[77.1583, 0, 0 ][3]:[3.09019e-05, 0, 0 ]
8008e-07[3]:[9.64479e+07, 0, 0 ][3]:[77.2548, 0, 0 ][3]:[3.09792e-05, 0, 0 ]
8018.01e-07[3]:[9.64479e+07, 0, 0 ][3]:[77.3512, 0, 0 ][3]:[3.10565e-05, 0, 0 ]
8028.02e-07[3]:[9.64479e+07, 0, 0 ][3]:[77.4477, 0, 0 ][3]:[3.1134e-05, 0, 0 ]
8038.03e-07[3]:[9.64479e+07, 0, 0 ][3]:[77.5441, 0, 0 ][3]:[3.12115e-05, 0, 0 ]
8048.04e-07[3]:[9.64479e+07, 0, 0 ][3]:[77.6406, 0, 0 ][3]:[3.12892e-05, 0, 0 ]
8058.05e-07[3]:[9.64479e+07, 0, 0 ][3]:[77.737, 0, 0 ][3]:[3.13669e-05, 0, 0 ]
8068.06e-07[3]:[9.64479e+07, 0, 0 ][3]:[77.8335, 0, 0 ][3]:[3.14447e-05, 0, 0 ]
8078.07e-07[3]:[9.64479e+07, 0, 0 ][3]:[77.9299, 0, 0 ][3]:[3.15227e-05, 0, 0 ]
8088.08e-07[3]:[9.64479e+07, 0, 0 ][3]:[78.0264, 0, 0 ][3]:[3.16007e-05, 0, 0 ]
8098.09e-07[3]:[9.64479e+07, 0, 0 ][3]:[78.1228, 0, 0 ][3]:[3.16788e-05, 0, 0 ]
8108.1e-07[3]:[9.64479e+07, 0, 0 ][3]:[78.2193, 0, 0 ][3]:[3.1757e-05, 0, 0 ]
8118.11e-07[3]:[9.64479e+07, 0, 0 ][3]:[78.3157, 0, 0 ][3]:[3.18353e-05, 0, 0 ]
8128.12e-07[3]:[9.64479e+07, 0, 0 ][3]:[78.4122, 0, 0 ][3]:[3.19137e-05, 0, 0 ]
8138.13e-07[3]:[9.64479e+07, 0, 0 ][3]:[78.5086, 0, 0 ][3]:[3.19923e-05, 0, 0 ]
8148.14e-07[3]:[9.64479e+07, 0, 0 ][3]:[78.6051, 0, 0 ][3]:[3.20709e-05, 0, 0 ]
8158.15e-07[3]:[9.64479e+07, 0, 0 ][3]:[78.7015, 0, 0 ][3]:[3.21496e-05, 0, 0 ]
8168.16e-07[3]:[9.64479e+07, 0, 0 ][3]:[78.798, 0, 0 ][3]:[3.22284e-05, 0, 0 ]
8178.17e-07[3]:[9.64479e+07, 0, 0 ][3]:[78.8944, 0, 0 ][3]:[3.23073e-05, 0, 0 ]
8188.18e-07[3]:[9.64479e+07, 0, 0 ][3]:[78.9908, 0, 0 ][3]:[3.23862e-05, 0, 0 ]
8198.19e-07[3]:[9.64479e+07, 0, 0 ][3]:[79.0873, 0, 0 ][3]:[3.24653e-05, 0, 0 ]
8208.2e-07[3]:[9.64479e+07, 0, 0 ][3]:[79.1837, 0, 0 ][3]:[3.25445e-05, 0, 0 ]
8218.21e-07[3]:[9.64479e+07, 0, 0 ][3]:[79.2802, 0, 0 ][3]:[3.26238e-05, 0, 0 ]
8228.22e-07[3]:[9.64479e+07, 0, 0 ][3]:[79.3766, 0, 0 ][3]:[3.27032e-05, 0, 0 ]
8238.23e-07[3]:[9.64479e+07, 0, 0 ][3]:[79.4731, 0, 0 ][3]:[3.27826e-05, 0, 0 ]
8248.24e-07[3]:[9.64479e+07, 0, 0 ][3]:[79.5695, 0, 0 ][3]:[3.28622e-05, 0, 0 ]
8258.25e-07[3]:[9.64479e+07, 0, 0 ][3]:[79.666, 0, 0 ][3]:[3.29419e-05, 0, 0 ]
8268.26e-07[3]:[9.64479e+07, 0, 0 ][3]:[79.7624, 0, 0 ][3]:[3.30216e-05, 0, 0 ]
8278.27e-07[3]:[9.64479e+07, 0, 0 ][3]:[79.8589, 0, 0 ][3]:[3.31015e-05, 0, 0 ]
8288.28e-07[3]:[9.64479e+07, 0, 0 ][3]:[79.9553, 0, 0 ][3]:[3.31815e-05, 0, 0 ]
8298.29e-07[3]:[9.64479e+07, 0, 0 ][3]:[80.0518, 0, 0 ][3]:[3.32615e-05, 0, 0 ]
8308.3e-07[3]:[9.64479e+07, 0, 0 ][3]:[80.1482, 0, 0 ][3]:[3.33417e-05, 0, 0 ]
8318.31e-07[3]:[9.64479e+07, 0, 0 ][3]:[80.2447, 0, 0 ][3]:[3.34219e-05, 0, 0 ]
8328.32e-07[3]:[9.64479e+07, 0, 0 ][3]:[80.3411, 0, 0 ][3]:[3.35022e-05, 0, 0 ]
8338.33e-07[3]:[9.64479e+07, 0, 0 ][3]:[80.4376, 0, 0 ][3]:[3.35827e-05, 0, 0 ]
8348.34e-07[3]:[9.64479e+07, 0, 0 ][3]:[80.534, 0, 0 ][3]:[3.36632e-05, 0, 0 ]
8358.35e-07[3]:[9.64479e+07, 0, 0 ][3]:[80.6305, 0, 0 ][3]:[3.37438e-05, 0, 0 ]
8368.36e-07[3]:[9.64479e+07, 0, 0 ][3]:[80.7269, 0, 0 ][3]:[3.38246e-05, 0, 0 ]
8378.37e-07[3]:[9.64479e+07, 0, 0 ][3]:[80.8234, 0, 0 ][3]:[3.39054e-05, 0, 0 ]
8388.38e-07[3]:[9.64479e+07, 0, 0 ][3]:[80.9198, 0, 0 ][3]:[3.39863e-05, 0, 0 ]
8398.39e-07[3]:[9.64479e+07, 0, 0 ][3]:[81.0163, 0, 0 ][3]:[3.40673e-05, 0, 0 ]
8408.4e-07[3]:[9.64479e+07, 0, 0 ][3]:[81.1127, 0, 0 ][3]:[3.41484e-05, 0, 0 ]
8418.41e-07[3]:[9.64479e+07, 0, 0 ][3]:[81.2092, 0, 0 ][3]:[3.42297e-05, 0, 0 ]
8428.42e-07[3]:[9.64479e+07, 0, 0 ][3]:[81.3056, 0, 0 ][3]:[3.4311e-05, 0, 0 ]
8438.43e-07[3]:[9.64479e+07, 0, 0 ][3]:[81.402, 0, 0 ][3]:[3.43924e-05, 0, 0 ]
8448.44e-07[3]:[9.64479e+07, 0, 0 ][3]:[81.4985, 0, 0 ][3]:[3.44739e-05, 0, 0 ]
8458.45e-07[3]:[9.64479e+07, 0, 0 ][3]:[81.5949, 0, 0 ][3]:[3.45555e-05, 0, 0 ]
8468.46e-07[3]:[9.64479e+07, 0, 0 ][3]:[81.6914, 0, 0 ][3]:[3.46371e-05, 0, 0 ]
8478.47e-07[3]:[9.64479e+07, 0, 0 ][3]:[81.7878, 0, 0 ][3]:[3.47189e-05, 0, 0 ]
8488.48e-07[3]:[9.64479e+07, 0, 0 ][3]:[81.8843, 0, 0 ][3]:[3.48008e-05, 0, 0 ]
8498.49e-07[3]:[9.64479e+07, 0, 0 ][3]:[81.9807, 0, 0 ][3]:[3.48828e-05, 0, 0 ]
8508.5e-07[3]:[9.64479e+07, 0, 0 ][3]:[82.0772, 0, 0 ][3]:[3.49649e-05, 0, 0 ]
8518.51e-07[3]:[9.64479e+07, 0, 0 ][3]:[82.1736, 0, 0 ][3]:[3.50471e-05, 0, 0 ]
8528.52e-07[3]:[9.64479e+07, 0, 0 ][3]:[82.2701, 0, 0 ][3]:[3.51293e-05, 0, 0 ]
8538.53e-07[3]:[9.64479e+07, 0, 0 ][3]:[82.3665, 0, 0 ][3]:[3.52117e-05, 0, 0 ]
8548.54e-07[3]:[9.64479e+07, 0, 0 ][3]:[82.463, 0, 0 ][3]:[3.52942e-05, 0, 0 ]
8558.55e-07[3]:[9.64479e+07, 0, 0 ][3]:[82.5594, 0, 0 ][3]:[3.53767e-05, 0, 0 ]
8568.56e-07[3]:[9.64479e+07, 0, 0 ][3]:[82.6559, 0, 0 ][3]:[3.54594e-05, 0, 0 ]
8578.57e-07[3]:[9.64479e+07, 0, 0 ][3]:[82.7523, 0, 0 ][3]:[3.55421e-05, 0, 0 ]
8588.58e-07[3]:[9.64479e+07, 0, 0 ][3]:[82.8488, 0, 0 ][3]:[3.5625e-05, 0, 0 ]
8598.59e-07[3]:[9.64479e+07, 0, 0 ][3]:[82.9452, 0, 0 ][3]:[3.57079e-05, 0, 0 ]
8608.6e-07[3]:[9.64479e+07, 0, 0 ][3]:[83.0417, 0, 0 ][3]:[3.5791e-05, 0, 0 ]
8618.61e-07[3]:[9.64479e+07, 0, 0 ][3]:[83.1381, 0, 0 ][3]:[3.58741e-05, 0, 0 ]
8628.62e-07[3]:[9.64479e+07, 0, 0 ][3]:[83.2346, 0, 0 ][3]:[3.59573e-05, 0, 0 ]
8638.63e-07[3]:[9.64479e+07, 0, 0 ][3]:[83.331, 0, 0 ][3]:[3.60407e-05, 0, 0 ]
8648.64e-07[3]:[9.64479e+07, 0, 0 ][3]:[83.4275, 0, 0 ][3]:[3.61241e-05, 0, 0 ]
8658.65e-07[3]:[9.64479e+07, 0, 0 ][3]:[83.5239, 0, 0 ][3]:[3.62076e-05, 0, 0 ]
8668.66e-07[3]:[9.64479e+07, 0, 0 ][3]:[83.6203, 0, 0 ][3]:[3.62912e-05, 0, 0 ]
8678.67e-07[3]:[9.64479e+07, 0, 0 ][3]:[83.7168, 0, 0 ][3]:[3.63749e-05, 0, 0 ]
8688.68e-07[3]:[9.64479e+07, 0, 0 ][3]:[83.8132, 0, 0 ][3]:[3.64588e-05, 0, 0 ]
8698.69e-07[3]:[9.64479e+07, 0, 0 ][3]:[83.9097, 0, 0 ][3]:[3.65427e-05, 0, 0 ]
8708.7e-07[3]:[9.64479e+07, 0, 0 ][3]:[84.0061, 0, 0 ][3]:[3.66267e-05, 0, 0 ]
8718.71e-07[3]:[9.64479e+07, 0, 0 ][3]:[84.1026, 0, 0 ][3]:[3.67108e-05, 0, 0 ]
8728.72e-07[3]:[9.64479e+07, 0, 0 ][3]:[84.199, 0, 0 ][3]:[3.6795e-05, 0, 0 ]
8738.73e-07[3]:[9.64479e+07, 0, 0 ][3]:[84.2955, 0, 0 ][3]:[3.68793e-05, 0, 0 ]
8748.74e-07[3]:[9.64479e+07, 0, 0 ][3]:[84.3919, 0, 0 ][3]:[3.69637e-05, 0, 0 ]
8758.75e-07[3]:[9.64479e+07, 0, 0 ][3]:[84.4884, 0, 0 ][3]:[3.70482e-05, 0, 0 ]
8768.76e-07[3]:[9.64479e+07, 0, 0 ][3]:[84.5848, 0, 0 ][3]:[3.71327e-05, 0, 0 ]
8778.77e-07[3]:[9.64479e+07, 0, 0 ][3]:[84.6813, 0, 0 ][3]:[3.72174e-05, 0, 0 ]
8788.78e-07[3]:[9.64479e+07, 0, 0 ][3]:[84.7777, 0, 0 ][3]:[3.73022e-05, 0, 0 ]
8798.79e-07[3]:[9.64479e+07, 0, 0 ][3]:[84.8742, 0, 0 ][3]:[3.73871e-05, 0, 0 ]
8808.8e-07[3]:[9.64479e+07, 0, 0 ][3]:[84.9706, 0, 0 ][3]:[3.7472e-05, 0, 0 ]
8818.81e-07[3]:[9.64479e+07, 0, 0 ][3]:[85.0671, 0, 0 ][3]:[3.75571e-05, 0, 0 ]
8828.82e-07[3]:[9.64479e+07, 0, 0 ][3]:[85.1635, 0, 0 ][3]:[3.76423e-05, 0, 0 ]
8838.83e-07[3]:[9.64479e+07, 0, 0 ][3]:[85.26, 0, 0 ][3]:[3.77275e-05, 0, 0 ]
8848.84e-07[3]:[9.64479e+07, 0, 0 ][3]:[85.3564, 0, 0 ][3]:[3.78129e-05, 0, 0 ]
8858.85e-07[3]:[9.64479e+07, 0, 0 ][3]:[85.4529, 0, 0 ][3]:[3.78983e-05, 0, 0 ]
8868.86e-07[3]:[9.64479e+07, 0, 0 ][3]:[85.5493, 0, 0 ][3]:[3.79839e-05, 0, 0 ]
8878.87e-07[3]:[9.64479e+07, 0, 0 ][3]:[85.6458, 0, 0 ][3]:[3.80695e-05, 0, 0 ]
8888.88e-07[3]:[9.64479e+07, 0, 0 ][3]:[85.7422, 0, 0 ][3]:[3.81553e-05, 0, 0 ]
8898.89e-07[3]:[9.64479e+07, 0, 0 ][3]:[85.8387, 0, 0 ][3]:[3.82411e-05, 0, 0 ]
8908.9e-07[3]:[9.64479e+07, 0, 0 ][3]:[85.9351, 0, 0 ][3]:[3.83271e-05, 0, 0 ]
8918.91e-07[3]:[9.64479e+07, 0, 0 ][3]:[86.0315, 0, 0 ][3]:[3.84131e-05, 0, 0 ]
8928.92e-07[3]:[9.64479e+07, 0, 0 ][3]:[86.128, 0, 0 ][3]:[3.84992e-05, 0, 0 ]
8938.93e-07[3]:[9.64479e+07, 0, 0 ][3]:[86.2244, 0, 0 ][3]:[3.85854e-05, 0, 0 ]
8948.94e-07[3]:[9.64479e+07, 0, 0 ][3]:[86.3209, 0, 0 ][3]:[3.86718e-05, 0, 0 ]
8958.95e-07[3]:[9.64479e+07, 0, 0 ][3]:[86.4173, 0, 0 ][3]:[3.87582e-05, 0, 0 ]
8968.96e-07[3]:[9.64479e+07, 0, 0 ][3]:[86.5138, 0, 0 ][3]:[3.88447e-05, 0, 0 ]
8978.97e-07[3]:[9.64479e+07, 0, 0 ][3]:[86.6102, 0, 0 ][3]:[3.89313e-05, 0, 0 ]
8988.98e-07[3]:[9.64479e+07, 0, 0 ][3]:[86.7067, 0, 0 ][3]:[3.9018e-05, 0, 0 ]
8998.99e-07[3]:[9.64479e+07, 0, 0 ][3]:[86.8031, 0, 0 ][3]:[3.91048e-05, 0, 0 ]
9009e-07[3]:[9.64479e+07, 0, 0 ][3]:[86.8996, 0, 0 ][3]:[3.91917e-05, 0, 0 ]
9019.01e-07[3]:[9.64479e+07, 0, 0 ][3]:[86.996, 0, 0 ][3]:[3.92787e-05, 0, 0 ]
9029.02e-07[3]:[9.64479e+07, 0, 0 ][3]:[87.0925, 0, 0 ][3]:[3.93658e-05, 0, 0 ]
9039.03e-07[3]:[9.64479e+07, 0, 0 ][3]:[87.1889, 0, 0 ][3]:[3.9453e-05, 0, 0 ]
9049.04e-07[3]:[9.64479e+07, 0, 0 ][3]:[87.2854, 0, 0 ][3]:[3.95403e-05, 0, 0 ]
9059.05e-07[3]:[9.64479e+07, 0, 0 ][3]:[87.3818, 0, 0 ][3]:[3.96277e-05, 0, 0 ]
9069.06e-07[3]:[9.64479e+07, 0, 0 ][3]:[87.4783, 0, 0 ][3]:[3.97151e-05, 0, 0 ]
9079.07e-07[3]:[9.64479e+07, 0, 0 ][3]:[87.5747, 0, 0 ][3]:[3.98027e-05, 0, 0 ]
9089.08e-07[3]:[9.64479e+07, 0, 0 ][3]:[87.6712, 0, 0 ][3]:[3.98904e-05, 0, 0 ]
9099.09e-07[3]:[9.64479e+07, 0, 0 ][3]:[87.7676, 0, 0 ][3]:[3.99781e-05, 0, 0 ]
9109.1e-07[3]:[9.64479e+07, 0, 0 ][3]:[87.8641, 0, 0 ][3]:[4.0066e-05, 0, 0 ]
9119.11e-07[3]:[9.64479e+07, 0, 0 ][3]:[87.9605, 0, 0 ][3]:[4.0154e-05, 0, 0 ]
9129.12e-07[3]:[9.64479e+07, 0, 0 ][3]:[88.057, 0, 0 ][3]:[4.0242e-05, 0, 0 ]
9139.13e-07[3]:[9.64479e+07, 0, 0 ][3]:[88.1534, 0, 0 ][3]:[4.03302e-05, 0, 0 ]
9149.14e-07[3]:[9.64479e+07, 0, 0 ][3]:[88.2498, 0, 0 ][3]:[4.04184e-05, 0, 0 ]
9159.15e-07[3]:[9.64479e+07, 0, 0 ][3]:[88.3463, 0, 0 ][3]:[4.05068e-05, 0, 0 ]
9169.16e-07[3]:[9.64479e+07, 0, 0 ][3]:[88.4427, 0, 0 ][3]:[4.05952e-05, 0, 0 ]
9179.17e-07[3]:[9.64479e+07, 0, 0 ][3]:[88.5392, 0, 0 ][3]:[4.06838e-05, 0, 0 ]
9189.18e-07[3]:[9.64479e+07, 0, 0 ][3]:[88.6356, 0, 0 ][3]:[4.07724e-05, 0, 0 ]
9199.19e-07[3]:[9.64479e+07, 0, 0 ][3]:[88.7321, 0, 0 ][3]:[4.08611e-05, 0, 0 ]
9209.2e-07[3]:[9.64479e+07, 0, 0 ][3]:[88.8285, 0, 0 ][3]:[4.095e-05, 0, 0 ]
9219.21e-07[3]:[9.64479e+07, 0, 0 ][3]:[88.925, 0, 0 ][3]:[4.10389e-05, 0, 0 ]
9229.22e-07[3]:[9.64479e+07, 0, 0 ][3]:[89.0214, 0, 0 ][3]:[4.11279e-05, 0, 0 ]
9239.23e-07[3]:[9.64479e+07, 0, 0 ][3]:[89.1179, 0, 0 ][3]:[4.1217e-05, 0, 0 ]
9249.24e-07[3]:[9.64479e+07, 0, 0 ][3]:[89.2143, 0, 0 ][3]:[4.13062e-05, 0, 0 ]
9259.25e-07[3]:[9.64479e+07, 0, 0 ][3]:[89.3108, 0, 0 ][3]:[4.13955e-05, 0, 0 ]
9269.26e-07[3]:[9.64479e+07, 0, 0 ][3]:[89.4072, 0, 0 ][3]:[4.1485e-05, 0, 0 ]
9279.27e-07[3]:[9.64479e+07, 0, 0 ][3]:[89.5037, 0, 0 ][3]:[4.15745e-05, 0, 0 ]
9289.28e-07[3]:[9.64479e+07, 0, 0 ][3]:[89.6001, 0, 0 ][3]:[4.16641e-05, 0, 0 ]
9299.29e-07[3]:[9.64479e+07, 0, 0 ][3]:[89.6966, 0, 0 ][3]:[4.17538e-05, 0, 0 ]
9309.3e-07[3]:[9.64479e+07, 0, 0 ][3]:[89.793, 0, 0 ][3]:[4.18435e-05, 0, 0 ]
9319.31e-07[3]:[9.64479e+07, 0, 0 ][3]:[89.8895, 0, 0 ][3]:[4.19334e-05, 0, 0 ]
9329.32e-07[3]:[9.64479e+07, 0, 0 ][3]:[89.9859, 0, 0 ][3]:[4.20234e-05, 0, 0 ]
9339.33e-07[3]:[9.64479e+07, 0, 0 ][3]:[90.0824, 0, 0 ][3]:[4.21135e-05, 0, 0 ]
9349.34e-07[3]:[9.64479e+07, 0, 0 ][3]:[90.1788, 0, 0 ][3]:[4.22037e-05, 0, 0 ]
9359.35e-07[3]:[9.64479e+07, 0, 0 ][3]:[90.2753, 0, 0 ][3]:[4.2294e-05, 0, 0 ]
9369.36e-07[3]:[9.64479e+07, 0, 0 ][3]:[90.3717, 0, 0 ][3]:[4.23843e-05, 0, 0 ]
9379.37e-07[3]:[9.64479e+07, 0, 0 ][3]:[90.4682, 0, 0 ][3]:[4.24748e-05, 0, 0 ]
9389.38e-07[3]:[9.64479e+07, 0, 0 ][3]:[90.5646, 0, 0 ][3]:[4.25654e-05, 0, 0 ]
9399.39e-07[3]:[9.64479e+07, 0, 0 ][3]:[90.661, 0, 0 ][3]:[4.2656e-05, 0, 0 ]
9409.4e-07[3]:[9.64479e+07, 0, 0 ][3]:[90.7575, 0, 0 ][3]:[4.27468e-05, 0, 0 ]
9419.41e-07[3]:[9.64479e+07, 0, 0 ][3]:[90.8539, 0, 0 ][3]:[4.28376e-05, 0, 0 ]
9429.42e-07[3]:[9.64479e+07, 0, 0 ][3]:[90.9504, 0, 0 ][3]:[4.29286e-05, 0, 0 ]
9439.43e-07[3]:[9.64479e+07, 0, 0 ][3]:[91.0468, 0, 0 ][3]:[4.30196e-05, 0, 0 ]
9449.44e-07[3]:[9.64479e+07, 0, 0 ][3]:[91.1433, 0, 0 ][3]:[4.31108e-05, 0, 0 ]
9459.45e-07[3]:[9.64479e+07, 0, 0 ][3]:[91.2397, 0, 0 ][3]:[4.3202e-05, 0, 0 ]
9469.46e-07[3]:[9.64479e+07, 0, 0 ][3]:[91.3362, 0, 0 ][3]:[4.32934e-05, 0, 0 ]
9479.47e-07[3]:[9.64479e+07, 0, 0 ][3]:[91.4326, 0, 0 ][3]:[4.33848e-05, 0, 0 ]
9489.48e-07[3]:[9.64479e+07, 0, 0 ][3]:[91.5291, 0, 0 ][3]:[4.34763e-05, 0, 0 ]
9499.49e-07[3]:[9.64479e+07, 0, 0 ][3]:[91.6255, 0, 0 ][3]:[4.35679e-05, 0, 0 ]
9509.5e-07[3]:[9.64479e+07, 0, 0 ][3]:[91.722, 0, 0 ][3]:[4.36597e-05, 0, 0 ]
9519.51e-07[3]:[9.64479e+07, 0, 0 ][3]:[91.8184, 0, 0 ][3]:[4.37515e-05, 0, 0 ]
9529.52e-07[3]:[9.64479e+07, 0, 0 ][3]:[91.9149, 0, 0 ][3]:[4.38434e-05, 0, 0 ]
9539.53e-07[3]:[9.64479e+07, 0, 0 ][3]:[92.0113, 0, 0 ][3]:[4.39354e-05, 0, 0 ]
9549.54e-07[3]:[9.64479e+07, 0, 0 ][3]:[92.1078, 0, 0 ][3]:[4.40275e-05, 0, 0 ]
9559.55e-07[3]:[9.64479e+07, 0, 0 ][3]:[92.2042, 0, 0 ][3]:[4.41197e-05, 0, 0 ]
9569.56e-07[3]:[9.64479e+07, 0, 0 ][3]:[92.3007, 0, 0 ][3]:[4.4212e-05, 0, 0 ]
9579.57e-07[3]:[9.64479e+07, 0, 0 ][3]:[92.3971, 0, 0 ][3]:[4.43044e-05, 0, 0 ]
9589.58e-07[3]:[9.64479e+07, 0, 0 ][3]:[92.4936, 0, 0 ][3]:[4.43969e-05, 0, 0 ]
9599.59e-07[3]:[9.64479e+07, 0, 0 ][3]:[92.59, 0, 0 ][3]:[4.44895e-05, 0, 0 ]
9609.6e-07[3]:[9.64479e+07, 0, 0 ][3]:[92.6865, 0, 0 ][3]:[4.45822e-05, 0, 0 ]
9619.61e-07[3]:[9.64479e+07, 0, 0 ][3]:[92.7829, 0, 0 ][3]:[4.4675e-05, 0, 0 ]
9629.62e-07[3]:[9.64479e+07, 0, 0 ][3]:[92.8793, 0, 0 ][3]:[4.47678e-05, 0, 0 ]
9639.63e-07[3]:[9.64479e+07, 0, 0 ][3]:[92.9758, 0, 0 ][3]:[4.48608e-05, 0, 0 ]
9649.64e-07[3]:[9.64479e+07, 0, 0 ][3]:[93.0722, 0, 0 ][3]:[4.49539e-05, 0, 0 ]
9659.65e-07[3]:[9.64479e+07, 0, 0 ][3]:[93.1687, 0, 0 ][3]:[4.50471e-05, 0, 0 ]
9669.66e-07[3]:[9.64479e+07, 0, 0 ][3]:[93.2651, 0, 0 ][3]:[4.51403e-05, 0, 0 ]
9679.67e-07[3]:[9.64479e+07, 0, 0 ][3]:[93.3616, 0, 0 ][3]:[4.52337e-05, 0, 0 ]
9689.68e-07[3]:[9.64479e+07, 0, 0 ][3]:[93.458, 0, 0 ][3]:[4.53271e-05, 0, 0 ]
9699.69e-07[3]:[9.64479e+07, 0, 0 ][3]:[93.5545, 0, 0 ][3]:[4.54207e-05, 0, 0 ]
9709.7e-07[3]:[9.64479e+07, 0, 0 ][3]:[93.6509, 0, 0 ][3]:[4.55144e-05, 0, 0 ]
9719.71e-07[3]:[9.64479e+07, 0, 0 ][3]:[93.7474, 0, 0 ][3]:[4.56081e-05, 0, 0 ]
9729.72e-07[3]:[9.64479e+07, 0, 0 ][3]:[93.8438, 0, 0 ][3]:[4.57019e-05, 0, 0 ]
9739.73e-07[3]:[9.64479e+07, 0, 0 ][3]:[93.9403, 0, 0 ][3]:[4.57959e-05, 0, 0 ]
9749.74e-07[3]:[9.64479e+07, 0, 0 ][3]:[94.0367, 0, 0 ][3]:[4.58899e-05, 0, 0 ]
9759.75e-07[3]:[9.64479e+07, 0, 0 ][3]:[94.1332, 0, 0 ][3]:[4.59841e-05, 0, 0 ]
9769.76e-07[3]:[9.64479e+07, 0, 0 ][3]:[94.2296, 0, 0 ][3]:[4.60783e-05, 0, 0 ]
9779.77e-07[3]:[9.64479e+07, 0, 0 ][3]:[94.3261, 0, 0 ][3]:[4.61726e-05, 0, 0 ]
9789.78e-07[3]:[9.64479e+07, 0, 0 ][3]:[94.4225, 0, 0 ][3]:[4.6267e-05, 0, 0 ]
9799.79e-07[3]:[9.64479e+07, 0, 0 ][3]:[94.519, 0, 0 ][3]:[4.63616e-05, 0, 0 ]
9809.8e-07[3]:[9.64479e+07, 0, 0 ][3]:[94.6154, 0, 0 ][3]:[4.64562e-05, 0, 0 ]
9819.81e-07[3]:[9.64479e+07, 0, 0 ][3]:[94.7119, 0, 0 ][3]:[4.65509e-05, 0, 0 ]
9829.82e-07[3]:[9.64479e+07, 0, 0 ][3]:[94.8083, 0, 0 ][3]:[4.66457e-05, 0, 0 ]
9839.83e-07[3]:[9.64479e+07, 0, 0 ][3]:[94.9048, 0, 0 ][3]:[4.67406e-05, 0, 0 ]
9849.84e-07[3]:[9.64479e+07, 0, 0 ][3]:[95.0012, 0, 0 ][3]:[4.68356e-05, 0, 0 ]
9859.85e-07[3]:[9.64479e+07, 0, 0 ][3]:[95.0977, 0, 0 ][3]:[4.69307e-05, 0, 0 ]
9869.86e-07[3]:[9.64479e+07, 0, 0 ][3]:[95.1941, 0, 0 ][3]:[4.70259e-05, 0, 0 ]
9879.87e-07[3]:[9.64479e+07, 0, 0 ][3]:[95.2905, 0, 0 ][3]:[4.71212e-05, 0, 0 ]
9889.88e-07[3]:[9.64479e+07, 0, 0 ][3]:[95.387, 0, 0 ][3]:[4.72166e-05, 0, 0 ]
9899.89e-07[3]:[9.64479e+07, 0, 0 ][3]:[95.4834, 0, 0 ][3]:[4.7312e-05, 0, 0 ]
9909.9e-07[3]:[9.64479e+07, 0, 0 ][3]:[95.5799, 0, 0 ][3]:[4.74076e-05, 0, 0 ]
9919.91e-07[3]:[9.64479e+07, 0, 0 ][3]:[95.6763, 0, 0 ][3]:[4.75033e-05, 0, 0 ]
9929.92e-07[3]:[9.64479e+07, 0, 0 ][3]:[95.7728, 0, 0 ][3]:[4.75991e-05, 0, 0 ]
9939.93e-07[3]:[9.64479e+07, 0, 0 ][3]:[95.8692, 0, 0 ][3]:[4.76949e-05, 0, 0 ]
9949.94e-07[3]:[9.64479e+07, 0, 0 ][3]:[95.9657, 0, 0 ][3]:[4.77909e-05, 0, 0 ]
9959.95e-07[3]:[9.64479e+07, 0, 0 ][3]:[96.0621, 0, 0 ][3]:[4.7887e-05, 0, 0 ]
9969.96e-07[3]:[9.64479e+07, 0, 0 ][3]:[96.1586, 0, 0 ][3]:[4.79831e-05, 0, 0 ]
9979.97e-07[3]:[9.64479e+07, 0, 0 ][3]:[96.255, 0, 0 ][3]:[4.80794e-05, 0, 0 ]
9989.98e-07[3]:[9.64479e+07, 0, 0 ][3]:[96.3515, 0, 0 ][3]:[4.81757e-05, 0, 0 ]
9999.99e-07[3]:[9.64479e+07, 0, 0 ][3]:[96.4479, 0, 0 ][3]:[4.82722e-05, 0, 0 ]
10001e-06[3]:[9.64479e+07, 0, 0 ][3]:[96.5444, 0, 0 ][3]:[4.83687e-05, 0, 0 ]
